0.0616748 0 0 0 0 0 0
0.0929249 0 0 0 0 0 0
0.1086772 0 0 0 0 0 0
0.1554328 0 0 0 0 0 0
0.1866749 0 0 0 0 0 0
0.2648024 0 0 0 0 0 0
0.3116733 0 0 0 0 0 0
0.3429289 0 0 0 0 0 0
0.3741732 0 0 0 0 0 0
0.42105 0 0 0 0 0 0
0.4679749 0 0 0 0 0 0
0.4993454 0 0 0 0 0 0
0.5460517 0 0 0 0 0 0
0.5620847 0 0 0 0 0 0
0.6085619 0 0 0 0 0 0
0.6554266 0 0 0 0 0 0
0.686912 0 0 0 0 0 0
0.7185429 0 0 0 0 0 0
0.7493695 0 0 0 0 0 0
0.7805446 0 0 0 0 0 0
0.8273022 0 0 0 0 0 0
0.889911 0 0 0 0 0 0
0.9366729 0 0 0 0 0 0
0.967932 0 0 0 0 0 0
0.9836727 0 0 0 0 0 0
1.0460485 0 0 0 0 0 0
1.0773688 0 0 0 0 0 0
1.1241748 0 0 0 0 0 0
1.1710482 0 0 0 0 0 0
1.217935 0 0 0 0 0 0
1.2647988 0 0 0 0 0 0
1.3116753 0 0 0 0 0 0
1.342927 0 0 0 0 0 0
1.3590121 0 0 0 0 0 0
1.4054231 0 0 0 0 0 0
1.4679363 0 0 0 0 0 0
1.4838189 0 0 0 0 0 0
1.5304257 0 0 0 0 0 0
1.561729 0 0 0 0 0 0
1.5774309 0 0 0 0 0 0
1.6241758 0 0 0 0 0 0
1.6710588 0 0 0 0 0 0
1.7026121 0 0 0 0 0 0
1.7336845 0 0 0 0 0 0
1.7804258 0 0 0 0 0 0
1.811687 0 0 0 0 0 0
1.8585522 0 0 0 0 0 0
1.8897987 0 0 0 0 0 0
1.9056054 0 0 0 0 0 0
1.952313 0 0 0 0 0 0
1.9682653 0 0 0 0 0 0
1.9995867 0 0 0 0 0 0
2.0460502 0 0 0 0 0 0
2.0618088 0 0 0 0 0 0
2.1085501 0 0 0 0 0 0
2.1397994 0 0 0 0 0 0
2.1867306 0 0 0 0 0 0
2.2179773 0 0 0 0 0 0
2.2648007 0 0 0 0 0 0
2.2964037 0 0 0 0 0 0
2.3273752 0 0 0 0 0 0
2.3585531 0 0 0 0 0 0
2.3898294 0 0 0 0 0 0
2.4681971 0 0 0 0 0 0
2.4991823 0 0 0 0 0 0
2.5312932 0 0 0 0 0 0
2.5773632 0 0 0 0 0 0
2.6085534 0 0 0 0 0 0
2.6710491 0 0 0 0 0 0
2.7028357 0 0 0 0 0 0
2.7343178 0 0 0 0 0 0
2.7804239 0 0 0 0 0 0
2.8116747 0 0 0 0 0 0
2.8429236 0 0 0 0 0 0
2.8741743 0 0 0 0 0 0
2.9210521 0 0 0 0 0 0
2.9370653 0 0 0 0 0 0
2.9691072 0 0 0 0 0 0
3.0148002 0 0 0 0 0 0
3.0314038 0 0 0 0 0 0
3.0773158 0 0 0 0 0 0
3.0933187 0 0 0 0 0 0
3.1243399 0 0 0 0 0 0
3.171052 0 0 0 0 0 0
3.2023346 0 0 0 0 0 0
3.2335508 0 0 0 0 0 0
3.2648058 0 0 0 0 0 0
3.2965024 0 0 0 0 0 0
3.3281219 0 0 0 0 0 0
3.3588226 0 0 0 0 0 0
3.4054239 0 0 0 0 0 0
3.4367472 0 0 0 0 0 0
3.4679248 0 0 0 0 0 0
3.4992475 0 0 0 0 0 0
3.5460519 0 0 0 0 0 0
3.5929256 0 0 0 0 0 0
3.6085501 0 0 0 0 0 0
3.6873838 0 0 0 0 0 0
3.7345088 0 0 0 0 0 0
3.7804267 0 0 0 0 0 0
3.8116733 0 0 0 0 0 0
3.8279457 0 0 0 0 0 0
3.8741782 0 0 0 0 0 0
3.9210605 0 0 0 0 0 0
3.9369792 0 0 0 0 0 0
3.9835498 0 0 0 0 0 0
3.9993212 0 0 0 0 0 0
4.0306991 0 0 0 0 0 0
4.0773016 0 0 0 0 0 0
4.1086806 0 0 0 0 0 0
4.155424 0 0 0 0 0 0
4.1711658 0 0 0 0 0 0
4.2653632 0 0 0 0 0 0
4.3116747 0 0 0 0 0 0
4.3429242 0 0 0 0 0 0
4.3741744 0 0 0 0 0 0
4.4210811 0 0 0 0 0 0
4.4374258 0 0 0 0 0 0
4.4835856 0 0 0 0 0 0
4.5154445 0 0 0 0 0 0
4.5616757 0 0 0 0 0 0
4.5929231 0 0 0 0 0 0
4.6241982 0 0 0 0 0 0
4.655424 0 0 0 0 0 0
4.7023088 0 0 0 0 0 0
4.7335506 0 0 0 0 0 0
4.749812 0 0 0 0 0 0
4.7810682 0 0 0 0 0 0
4.8273001 0 0 0 0 0 0
4.8585483 0 0 0 0 0 0
4.8899876 0 0 0 0 0 0
4.9366801 0 0 0 0 0 0
4.9525006 0 0 0 0 0 0
4.9991762 0 0 0 0 0 0
5.061806 0 0 0 0 0 0
5.1085506 0 0 0 0 0 0
5.1398003 0 0 0 0 0 0
5.1712494 0 0 0 0 0 0
5.2337778 0 0 0 0 0 0
5.264863 0 0 0 0 0 0
5.3116763 0 0 0 0 0 0
5.3429541 0 0 0 0 0 0
5.3595083 0 0 0 0 0 0
5.4054429 0 0 0 0 0 0
5.4679967 0 0 0 0 0 0
5.4991809 0 0 0 0 0 0
5.5304253 0 0 0 0 0 0
5.5461242 0 0 0 0 0 0
5.5929259 0 0 0 0 0 0
5.6241746 0 0 0 0 0 0
5.6555014 0 0 0 0 0 0
5.7022997 0 0 0 0 0 0
5.7338303 0 0 0 0 0 0
5.7650452 0 0 0 0 0 0
5.8117133 0 0 0 0 0 0
5.9061846 0 0 0 0 0 0
5.9366741 0 0 0 0 0 0
5.9684515 0 0 0 0 0 0
6.0147995 0 0 0 0 0 0
6.0616756 0 0 0 0 0 0
6.1085773 0 0 0 0 0 0
6.1554249 0 0 0 0 0 0
6.1866785 0 0 0 0 0 0
6.2179258 0 0 0 0 0 0
6.2491746 0 0 0 0 0 0
6.2960514 0 0 0 0 0 0
6.3272981 0 0 0 0 0 0
6.3586311 0 0 0 0 0 0
6.4054616 0 0 0 0 0 0
6.436676 0 0 0 0 0 0
6.4531417 0 0 0 0 0 0
6.4991746 0 0 0 0 0 0
6.5304399 0 0 0 0 0 0
6.5617443 0 0 0 0 0 0
6.592925 0 0 0 0 0 0
6.6556757 0 0 0 0 0 0
6.6710562 0 0 0 0 0 0
6.7179233 0 0 0 0 0 0
6.7648228 0 0 0 0 0 0
6.780693 0 0 0 0 0 0
6.9060736 0 0 0 0 0 0
6.9211943 0 0 0 0 0 0
6.9679263 0 0 0 0 0 0
6.9992044 0 0 0 0 0 0
7.0774537 0 0 0 0 0 0
7.1085482 0 0 0 0 0 0
7.124607 0 0 0 0 0 0
7.1565128 0 0 0 0 0 0
7.2023025 0 0 0 0 0 0
7.2491753 0 0 0 0 0 0
7.2804806 0 0 0 0 0 0
7.3273034 0 0 0 0 0 0
7.3741757 0 0 0 0 0 0
7.4054444 0 0 0 0 0 0
7.436881 0 0 0 0 0 0
7.4682943 0 0 0 0 0 0
7.499237 0 0 0 0 0 0
7.5307795 0 0 0 0 0 0
7.5773226 0 0 0 0 0 0
7.5930657 0 0 0 0 0 0
7.6711602 0 0 0 0 0 0
7.7179365 0 0 0 0 0 0
7.749379 0 0 0 0 0 0
7.7804285 0 0 0 0 0 0
7.8117601 0 0 0 0 0 0
7.8586139 0 0 0 0 0 0
7.9055685 0 0 0 0 0 0
7.9523 0 0 0 0 0 0
7.9835499 0 0 0 0 0 0
7.9993188 0 0 0 0 0 0
8.0776445 0 0 0 0 0 0
8.0930235 0 0 0 0 0 0
8.1554429 0 0 0 0 0 0
8.2022999 0 0 0 0 0 0
8.2335503 0 0 0 0 0 0
8.2648007 0 0 0 0 0 0
8.2960487 0 0 0 0 0 0
8.3116773 0 0 0 0 0 0
8.3585577 0 0 0 0 0 0
8.3751962 0 0 0 0 0 0
8.4055028 0 0 0 0 0 0
8.437044 0 0 0 0 0 0
8.4681592 0 0 0 0 0 0
8.514803 0 0 0 0 0 0
8.5460497 0 0 0 0 0 0
8.5929301 0 0 0 0 0 0
8.6088299 0 0 0 0 0 0
8.6554755 0 0 0 0 0 0
8.6867218 0 0 0 0 0 0
8.7179371 0 0 0 0 0 0
8.749248 0 0 0 0 0 0
8.7960508 0 0 0 0 0 0
8.8118977 0 0 0 0 0 0
8.8585689 0 0 0 0 0 0
8.8898715 0 0 0 0 0 0
8.9211274 0 0 0 0 0 0
8.9679237 0 0 0 0 0 0
8.9836885 0 0 0 0 0 0
9.0152664 0 0 0 0 0 0
9.1089493 0 0 0 0 0 0
