0.0781204 0 0 0 0 0 0
0.109368 0 0 0 0 0 0
0.1562474 0 0 0 0 0 0
0.187495 0 0 0 0 0 0
0.2187429 0 0 0 0 0 0
0.2656227 0 0 0 0 0 0
0.3125123 0 0 0 0 0 0
0.3437432 0 0 0 0 0 0
0.3749948 0 0 0 0 0 0
0.406246 0 0 0 0 0 0
0.4374947 0 0 0 0 0 0
0.4531297 0 0 0 0 0 0
0.499995 0 0 0 0 0 0
0.5312504 0 0 0 0 0 0
0.5781227 0 0 0 0 0 0
0.6406203 0 0 0 0 0 0
0.671872 0 0 0 0 0 0
0.7970983 0 0 0 0 0 0
0.8282524 0 0 0 0 0 0
0.8749957 0 0 0 0 0 0
0.9072029 0 0 0 0 0 0
0.9375719 0 0 0 0 0 0
0.9690534 0 0 0 0 0 0
1.0003048 0 0 0 0 0 0
1.0314718 0 0 0 0 0 0
1.1101292 0 0 0 0 0 0
1.1565786 0 0 0 0 0 0
1.2032073 0 0 0 0 0 0
1.2817803 0 0 0 0 0 0
1.3125964 0 0 0 0 0 0
1.3593703 0 0 0 0 0 0
1.3906206 0 0 0 0 0 0
1.4062724 0 0 0 0 0 0
1.4687533 0 0 0 0 0 0
1.5156205 0 0 0 0 0 0
1.5314585 0 0 0 0 0 0
1.5781206 0 0 0 0 0 0
1.6093725 0 0 0 0 0 0
1.6406192 0 0 0 0 0 0
1.6875061 0 0 0 0 0 0
1.7343695 0 0 0 0 0 0
1.7510754 0 0 0 0 0 0
1.7823281 0 0 0 0 0 0
1.8128026 0 0 0 0 0 0
1.8593698 0 0 0 0 0 0
1.9062457 0 0 0 0 0 0
1.9220977 0 0 0 0 0 0
1.9533974 0 0 0 0 0 0
2.0000148 0 0 0 0 0 0
2.0312663 0 0 0 0 0 0
2.0624965 0 0 0 0 0 0
2.1406233 0 0 0 0 0 0
2.1718703 0 0 0 0 0 0
2.1877996 0 0 0 0 0 0
2.2191871 0 0 0 0 0 0
2.2812525 0 0 0 0 0 0
2.3281208 0 0 0 0 0 0
2.3593704 0 0 0 0 0 0
2.3906212 0 0 0 0 0 0
2.4218704 0 0 0 0 0 0
2.453121 0 0 0 0 0 0
2.5316461 0 0 0 0 0 0
2.5781212 0 0 0 0 0 0
2.6093713 0 0 0 0 0 0
2.6406619 0 0 0 0 0 0
2.7187569 0 0 0 0 0 0
2.7504154 0 0 0 0 0 0
2.7968733 0 0 0 0 0 0
2.8438096 0 0 0 0 0 0
2.8906206 0 0 0 0 0 0
2.9219095 0 0 0 0 0 0
2.9531239 0 0 0 0 0 0
2.9999934 0 0 0 0 0 0
3.0156616 0 0 0 0 0 0
3.0471261 0 0 0 0 0 0
3.0937447 0 0 0 0 0 0
3.1406219 0 0 0 0 0 0
3.1569343 0 0 0 0 0 0
3.2031207 0 0 0 0 0 0
3.2499939 0 0 0 0 0 0
3.2968964 0 0 0 0 0 0
3.3286318 0 0 0 0 0 0
3.3749926 0 0 0 0 0 0
3.3906957 0 0 0 0 0 0
3.4374973 0 0 0 0 0 0
3.4687466 0 0 0 0 0 0
3.5156475 0 0 0 0 0 0
3.5315945 0 0 0 0 0 0
3.5781199 0 0 0 0 0 0
3.624996 0 0 0 0 0 0
3.656247 0 0 0 0 0 0
3.703151 0 0 0 0 0 0
3.7499939 0 0 0 0 0 0
3.7813542 0 0 0 0 0 0
3.797566 0 0 0 0 0 0
3.8437452 0 0 0 0 0 0
3.9070469 0 0 0 0 0 0
3.9386358 0 0 0 0 0 0
3.9694773 0 0 0 0 0 0
4.0156255 0 0 0 0 0 0
4.0313352 0 0 0 0 0 0
4.062841 0 0 0 0 0 0
4.140625 0 0 0 0 0 0
4.1874945 0 0 0 0 0 0
4.2343721 0 0 0 0 0 0
4.2656266 0 0 0 0 0 0
4.3124952 0 0 0 0 0 0
4.3437445 0 0 0 0 0 0
4.3750222 0 0 0 0 0 0
4.3914592 0 0 0 0 0 0
4.421954 0 0 0 0 0 0
4.4688031 0 0 0 0 0 0
4.5002079 0 0 0 0 0 0
4.5468826 0 0 0 0 0 0
4.5781202 0 0 0 0 0 0
4.6093721 0 0 0 0 0 0
4.6406214 0 0 0 0 0 0
4.6566999 0 0 0 0 0 0
4.718808 0 0 0 0 0 0
4.7500027 0 0 0 0 0 0
4.7660101 0 0 0 0 0 0
4.8124976 0 0 0 0 0 0
4.8437451 0 0 0 0 0 0
4.8749935 0 0 0 0 0 0
4.9218845 0 0 0 0 0 0
4.9531194 0 0 0 0 0 0
4.9843837 0 0 0 0 0 0
5.0003972 0 0 0 0 0 0
5.0468734 0 0 0 0 0 0
5.0781197 0 0 0 0 0 0
5.125011 0 0 0 0 0 0
5.1562436 0 0 0 0 0 0
5.1886276 0 0 0 0 0 0
5.2188345 0 0 0 0 0 0
5.2656201 0 0 0 0 0 0
5.3125145 0 0 0 0 0 0
5.3593975 0 0 0 0 0 0
5.3906207 0 0 0 0 0 0
5.4218684 0 0 0 0 0 0
5.4377011 0 0 0 0 0 0
5.4843709 0 0 0 0 0 0
5.5312458 0 0 0 0 0 0
5.5469309 0 0 0 0 0 0
5.6255872 0 0 0 0 0 0
5.6562467 0 0 0 0 0 0
5.7657834 0 0 0 0 0 0
5.7968707 0 0 0 0 0 0
5.8281218 0 0 0 0 0 0
5.8593707 0 0 0 0 0 0
5.9219331 0 0 0 0 0 0
5.9687603 0 0 0 0 0 0
6.0000147 0 0 0 0 0 0
6.0161268 0 0 0 0 0 0
6.046919 0 0 0 0 0 0
6.0783434 0 0 0 0 0 0
6.1249929 0 0 0 0 0 0
6.1718757 0 0 0 0 0 0
6.2187516 0 0 0 0 0 0
6.2657162 0 0 0 0 0 0
6.2816068 0 0 0 0 0 0
6.3281193 0 0 0 0 0 0
6.3750161 0 0 0 0 0 0
6.4062613 0 0 0 0 0 0
6.4375011 0 0 0 0 0 0
6.5000018 0 0 0 0 0 0
6.5312441 0 0 0 0 0 0
6.5781249 0 0 0 0 0 0
6.6250704 0 0 0 0 0 0
6.6562478 0 0 0 0 0 0
6.7345439 0 0 0 0 0 0
6.7659352 0 0 0 0 0 0
6.8124948 0 0 0 0 0 0
6.8282959 0 0 0 0 0 0
6.8749936 0 0 0 0 0 0
6.9218805 0 0 0 0 0 0
6.9687607 0 0 0 0 0 0
6.9849299 0 0 0 0 0 0
7.0159171 0 0 0 0 0 0
7.0624949 0 0 0 0 0 0
7.1093699 0 0 0 0 0 0
7.1562476 0 0 0 0 0 0
7.2031291 0 0 0 0 0 0
7.2188182 0 0 0 0 0 0
7.265659 0 0 0 0 0 0
7.3125051 0 0 0 0 0 0
7.3437459 0 0 0 0 0 0
7.3751596 0 0 0 0 0 0
7.4063234 0 0 0 0 0 0
7.4531177 0 0 0 0 0 0
7.4843822 0 0 0 0 0 0
7.515673 0 0 0 0 0 0
7.562495 0 0 0 0 0 0
7.5937448 0 0 0 0 0 0
7.6249949 0 0 0 0 0 0
7.671871 0 0 0 0 0 0
7.7187434 0 0 0 0 0 0
7.7499965 0 0 0 0 0 0
7.7968695 0 0 0 0 0 0
7.8130523 0 0 0 0 0 0
7.8594138 0 0 0 0 0 0
7.874993 0 0 0 0 0 0
7.9067305 0 0 0 0 0 0
7.9531183 0 0 0 0 0 0
7.9844905 0 0 0 0 0 0
8.0157916 0 0 0 0 0 0
8.047107 0 0 0 0 0 0
8.0784077 0 0 0 0 0 0
8.1249959 0 0 0 0 0 0
8.1562477 0 0 0 0 0 0
8.2031417 0 0 0 0 0 0
8.2343966 0 0 0 0 0 0
8.2969039 0 0 0 0 0 0
8.3438909 0 0 0 0 0 0
8.3755923 0 0 0 0 0 0
8.4067695 0 0 0 0 0 0
8.4381158 0 0 0 0 0 0
8.5156581 0 0 0 0 0 0
8.5316412 0 0 0 0 0 0
8.5627414 0 0 0 0 0 0
8.6094246 0 0 0 0 0 0
8.6406197 0 0 0 0 0 0
8.6878296 0 0 0 0 0 0
8.7037146 0 0 0 0 0 0
8.7500038 0 0 0 0 0 0
8.7968698 0 0 0 0 0 0
8.8281202 0 0 0 0 0 0
8.8442195 0 0 0 0 0 0
8.9380412 0 0 0 0 0 0
8.9687481 0 0 0 0 0 0
9.0001405 0 0 0 0 0 0
9.0469281 0 0 0 0 0 0
9.0628863 0 0 0 0 0 0
9.1093727 0 0 0 0 0 0
9.1406223 0 0 0 0 0 0
9.1718699 0 0 0 0 0 0
9.1876483 0 0 0 0 0 0
9.219413 0 0 0 0 0 0
9.2502705 0 0 0 0 0 0
9.2968699 0 0 0 0 0 0
9.328914 0 0 0 0 0 0
9.3906227 0 0 0 0 0 0
9.4223676 0 0 0 0 0 0
9.4687727 0 0 0 0 0 0
9.5001183 0 0 0 0 0 0
9.5312637 0 0 0 0 0 0
9.5781335 0 0 0 0 0 0
9.6249964 0 0 0 0 0 0
9.6406202 0 0 0 0 0 0
9.7198431 0 0 0 0 0 0
9.751142 0 0 0 0 0 0
9.7968692 0 0 0 0 0 0
9.8287208 0 0 0 0 0 0
9.8750044 0 0 0 0 0 0
9.90636 0 0 0 0 0 0
9.9531733 0 0 0 0 0 0
9.9843872 0 0 0 0 0 0
10.0160344 0 0 0 0 0 0
10.0624957 0 0 0 0 0 0
10.1255269 0 0 0 0 0 0
10.1562435 0 0 0 0 0 0
10.1723854 0 0 0 0 0 0
10.2037359 0 0 0 0 0 0
10.2499995 0 0 0 0 0 0
10.2812447 0 0 0 0 0 0
10.3132572 0 0 0 0 0 0
10.3593714 0 0 0 0 0 0
10.3756682 0 0 0 0 0 0
10.4064505 0 0 0 0 0 0
10.4381141 0 0 0 0 0 0
10.4689018 0 0 0 0 0 0
10.4999933 0 0 0 0 0 0
10.5319856 0 0 0 0 0 0
10.5626326 0 0 0 0 0 0
10.6093685 0 0 0 0 0 0
10.6407047 0 0 0 0 0 0
10.6722044 0 0 0 0 0 0
10.7031242 0 0 0 0 0 0
10.7345513 0 0 0 0 0 0
10.7812431 0 0 0 0 0 0
10.8124941 0 0 0 0 0 0
10.8440744 0 0 0 0 0 0
10.8755391 0 0 0 0 0 0
10.9067037 0 0 0 0 0 0
10.9382909 0 0 0 0 0 0
10.9691568 0 0 0 0 0 0
11.000462 0 0 0 0 0 0
11.0468797 0 0 0 0 0 0
11.078123 0 0 0 0 0 0
11.0940758 0 0 0 0 0 0
11.1406185 0 0 0 0 0 0
11.1718686 0 0 0 0 0 0
11.1876767 0 0 0 0 0 0
11.2343764 0 0 0 0 0 0
11.2656184 0 0 0 0 0 0
11.2974215 0 0 0 0 0 0
11.3287284 0 0 0 0 0 0
11.3595313 0 0 0 0 0 0
11.3907551 0 0 0 0 0 0
11.4375129 0 0 0 0 0 0
11.468776 0 0 0 0 0 0
11.5000822 0 0 0 0 0 0
11.5468703 0 0 0 0 0 0
11.5781211 0 0 0 0 0 0
11.5944915 0 0 0 0 0 0
11.6406274 0 0 0 0 0 0
11.6719918 0 0 0 0 0 0
11.7037796 0 0 0 0 0 0
11.7499942 0 0 0 0 0 0
11.7968746 0 0 0 0 0 0
11.8281544 0 0 0 0 0 0
11.9062425 0 0 0 0 0 0
11.9225317 0 0 0 0 0 0
11.9532824 0 0 0 0 0 0
11.9854997 0 0 0 0 0 0
12.0159193 0 0 0 0 0 0
12.062505 0 0 0 0 0 0
12.1093699 0 0 0 0 0 0
12.1253127 0 0 0 0 0 0
12.1567215 0 0 0 0 0 0
12.2031338 0 0 0 0 0 0
12.2192569 0 0 0 0 0 0
12.250104 0 0 0 0 0 0
12.2812455 0 0 0 0 0 0
12.3125698 0 0 0 0 0 0
12.3438313 0 0 0 0 0 0
12.3755359 0 0 0 0 0 0
12.4218779 0 0 0 0 0 0
12.4531266 0 0 0 0 0 0
12.484369 0 0 0 0 0 0
12.5158727 0 0 0 0 0 0
12.5625002 0 0 0 0 0 0
12.5937494 0 0 0 0 0 0
12.6254734 0 0 0 0 0 0
12.6718686 0 0 0 0 0 0
12.7031307 0 0 0 0 0 0
12.7345002 0 0 0 0 0 0
12.7657612 0 0 0 0 0 0
12.7979987 0 0 0 0 0 0
12.8437426 0 0 0 0 0 0
12.8906194 0 0 0 0 0 0
12.9218683 0 0 0 0 0 0
12.9386379 0 0 0 0 0 0
12.9688551 0 0 0 0 0 0
13.0001181 0 0 0 0 0 0
13.0468699 0 0 0 0 0 0
13.124998 0 0 0 0 0 0
13.1407503 0 0 0 0 0 0
13.1722851 0 0 0 0 0 0
13.2034179 0 0 0 0 0 0
13.2500029 0 0 0 0 0 0
13.2968715 0 0 0 0 0 0
13.3292456 0 0 0 0 0 0
13.3594236 0 0 0 0 0 0
13.3906286 0 0 0 0 0 0
13.4375111 0 0 0 0 0 0
13.5003858 0 0 0 0 0 0
13.5468701 0 0 0 0 0 0
13.5635345 0 0 0 0 0 0
13.5938621 0 0 0 0 0 0
13.6250945 0 0 0 0 0 0
13.6718687 0 0 0 0 0 0
13.7187497 0 0 0 0 0 0
13.7656201 0 0 0 0 0 0
13.7812427 0 0 0 0 0 0
13.8281291 0 0 0 0 0 0
13.8749959 0 0 0 0 0 0
13.9218789 0 0 0 0 0 0
13.9531848 0 0 0 0 0 0
13.9689494 0 0 0 0 0 0
14.015623 0 0 0 0 0 0
14.0468755 0 0 0 0 0 0
14.1093699 0 0 0 0 0 0
14.1406196 0 0 0 0 0 0
14.1719191 0 0 0 0 0 0
14.2187469 0 0 0 0 0 0
14.2499946 0 0 0 0 0 0
14.312493 0 0 0 0 0 0
14.3594045 0 0 0 0 0 0
14.3906193 0 0 0 0 0 0
14.421877 0 0 0 0 0 0
14.4531279 0 0 0 0 0 0
14.531332 0 0 0 0 0 0
14.5781197 0 0 0 0 0 0
14.5945034 0 0 0 0 0 0
14.6406197 0 0 0 0 0 0
14.6564675 0 0 0 0 0 0
