0.0311676 0 0 0 0 0 0
0.0780427 0 0 0 0 0 0
0.0942466 0 0 0 0 0 0
0.1250498 0 0 0 0 0 0
0.1717908 0 0 0 0 0 0
0.2034989 0 0 0 0 0 0
0.2344557 0 0 0 0 0 0
0.265907 0 0 0 0 0 0
0.3124162 0 0 0 0 0 0
0.3281296 0 0 0 0 0 0
0.3749276 0 0 0 0 0 0
0.4217913 0 0 0 0 0 0
0.4532294 0 0 0 0 0 0
0.4999173 0 0 0 0 0 0
0.5467914 0 0 0 0 0 0
0.5780407 0 0 0 0 0 0
0.640542 0 0 0 0 0 0
0.6874796 0 0 0 0 0 0
0.7186708 0 0 0 0 0 0
0.7499155 0 0 0 0 0 0
0.8280915 0 0 0 0 0 0
0.8437921 0 0 0 0 0 0
0.8749447 0 0 0 0 0 0
0.92179 0 0 0 0 0 0
0.9532985 0 0 0 0 0 0
0.9844838 0 0 0 0 0 0
1.0467904 0 0 0 0 0 0
1.0624374 0 0 0 0 0 0
1.1093623 0 0 0 0 0 0
1.1255652 0 0 0 0 0 0
1.1563075 0 0 0 0 0 0
1.2186755 0 0 0 0 0 0
1.2655497 0 0 0 0 0 0
1.2812708 0 0 0 0 0 0
1.3124168 0 0 0 0 0 0
1.3438413 0 0 0 0 0 0
1.3905917 0 0 0 0 0 0
1.4843641 0 0 0 0 0 0
1.5311654 0 0 0 0 0 0
1.5780733 0 0 0 0 0 0
1.5940618 0 0 0 0 0 0
1.6249218 0 0 0 0 0 0
1.6562574 0 0 0 0 0 0
1.6882621 0 0 0 0 0 0
1.7342898 0 0 0 0 0 0
1.7655423 0 0 0 0 0 0
1.8124162 0 0 0 0 0 0
1.8291114 0 0 0 0 0 0
1.8594662 0 0 0 0 0 0
1.9218006 0 0 0 0 0 0
1.9532697 0 0 0 0 0 0
2.0319658 0 0 0 0 0 0
2.0791987 0 0 0 0 0 0
2.1249195 0 0 0 0 0 0
2.140667 0 0 0 0 0 0
2.1721352 0 0 0 0 0 0
2.218669 0 0 0 0 0 0
2.26557 0 0 0 0 0 0
2.2968359 0 0 0 0 0 0
2.3124873 0 0 0 0 0 0
2.3592912 0 0 0 0 0 0
2.4374191 0 0 0 0 0 0
2.4843119 0 0 0 0 0 0
2.5157212 0 0 0 0 0 0
2.5475099 0 0 0 0 0 0
2.5936652 0 0 0 0 0 0
2.6405501 0 0 0 0 0 0
2.6562227 0 0 0 0 0 0
2.6875449 0 0 0 0 0 0
2.7193519 0 0 0 0 0 0
2.7655402 0 0 0 0 0 0
2.7967924 0 0 0 0 0 0
2.8280423 0 0 0 0 0 0
2.8597091 0 0 0 0 0 0
2.906172 0 0 0 0 0 0
2.9221428 0 0 0 0 0 0
2.968675 0 0 0 0 0 0
3.0624168 0 0 0 0 0 0
3.0936702 0 0 0 0 0 0
3.124916 0 0 0 0 0 0
3.1561663 0 0 0 0 0 0
3.1874366 0 0 0 0 0 0
3.2187207 0 0 0 0 0 0
3.2505146 0 0 0 0 0 0
3.2967928 0 0 0 0 0 0
3.3280421 0 0 0 0 0 0
3.37492 0 0 0 0 0 0
3.421798 0 0 0 0 0 0
3.437642 0 0 0 0 0 0
3.4842916 0 0 0 0 0 0
3.515545 0 0 0 0 0 0
3.5313753 0 0 0 0 0 0
3.5781036 0 0 0 0 0 0
3.5936678 0 0 0 0 0 0
3.6405404 0 0 0 0 0 0
3.65632 0 0 0 0 0 0
3.6877939 0 0 0 0 0 0
3.7342963 0 0 0 0 0 0
3.7661801 0 0 0 0 0 0
3.8436712 0 0 0 0 0 0
3.8750245 0 0 0 0 0 0
3.9218595 0 0 0 0 0 0
3.9530428 0 0 0 0 0 0
3.9690319 0 0 0 0 0 0
4.0467925 0 0 0 0 0 0
4.0628334 0 0 0 0 0 0
4.0937567 0 0 0 0 0 0
4.1249623 0 0 0 0 0 0
4.1561916 0 0 0 0 0 0
4.2342911 0 0 0 0 0 0
4.2811676 0 0 0 0 0 0
4.2968798 0 0 0 0 0 0
4.3436715 0 0 0 0 0 0
4.3749153 0 0 0 0 0 0
4.4061703 0 0 0 0 0 0
4.4530444 0 0 0 0 0 0
4.4999175 0 0 0 0 0 0
4.51574 0 0 0 0 0 0
4.5624809 0 0 0 0 0 0
4.5936676 0 0 0 0 0 0
4.6249175 0 0 0 0 0 0
4.6405456 0 0 0 0 0 0
4.6719294 0 0 0 0 0 0
4.7032394 0 0 0 0 0 0
4.7499181 0 0 0 0 0 0
4.7658963 0 0 0 0 0 0
4.9226513 0 0 0 0 0 0
4.968665 0 0 0 0 0 0
4.9999178 0 0 0 0 0 0
5.0467908 0 0 0 0 0 0
5.0936671 0 0 0 0 0 0
5.124926 0 0 0 0 0 0
5.1409186 0 0 0 0 0 0
5.1726367 0 0 0 0 0 0
5.2501942 0 0 0 0 0 0
5.2655515 0 0 0 0 0 0
5.3124171 0 0 0 0 0 0
5.3436667 0 0 0 0 0 0
5.3593475 0 0 0 0 0 0
5.4061695 0 0 0 0 0 0
5.4686648 0 0 0 0 0 0
5.5155419 0 0 0 0 0 0
5.5470757 0 0 0 0 0 0
5.5780944 0 0 0 0 0 0
5.6249182 0 0 0 0 0 0
5.6564997 0 0 0 0 0 0
5.6879426 0 0 0 0 0 0
5.7342921 0 0 0 0 0 0
5.7655413 0 0 0 0 0 0
5.7967945 0 0 0 0 0 0
5.843668 0 0 0 0 0 0
5.874916 0 0 0 0 0 0
5.9066027 0 0 0 0 0 0
5.9530591 0 0 0 0 0 0
5.9843221 0 0 0 0 0 0
6.0311701 0 0 0 0 0 0
6.0780425 0 0 0 0 0 0
6.1093324 0 0 0 0 0 0
6.1405426 0 0 0 0 0 0
6.1718253 0 0 0 0 0 0
6.1875444 0 0 0 0 0 0
6.2503735 0 0 0 0 0 0
6.2655412 0 0 0 0 0 0
6.2970661 0 0 0 0 0 0
6.3283782 0 0 0 0 0 0
6.3749175 0 0 0 0 0 0
6.4535016 0 0 0 0 0 0
6.4842947 0 0 0 0 0 0
6.5156991 0 0 0 0 0 0
6.547552 0 0 0 0 0 0
6.5781819 0 0 0 0 0 0
6.6568923 0 0 0 0 0 0
6.6876702 0 0 0 0 0 0
6.7188398 0 0 0 0 0 0
6.7510663 0 0 0 0 0 0
6.7967924 0 0 0 0 0 0
6.8280419 0 0 0 0 0 0
6.8438297 0 0 0 0 0 0
6.8751277 0 0 0 0 0 0
6.9065863 0 0 0 0 0 0
6.9376623 0 0 0 0 0 0
6.9687487 0 0 0 0 0 0
7.0002819 0 0 0 0 0 0
7.0311687 0 0 0 0 0 0
7.0780472 0 0 0 0 0 0
7.1097767 0 0 0 0 0 0
7.1407763 0 0 0 0 0 0
7.1717964 0 0 0 0 0 0
7.2038187 0 0 0 0 0 0
7.2499175 0 0 0 0 0 0
7.2811778 0 0 0 0 0 0
7.31256 0 0 0 0 0 0
7.3444667 0 0 0 0 0 0
7.3750193 0 0 0 0 0 0
7.4067096 0 0 0 0 0 0
7.4530417 0 0 0 0 0 0
7.4999182 0 0 0 0 0 0
7.5165569 0 0 0 0 0 0
7.5472908 0 0 0 0 0 0
7.5781542 0 0 0 0 0 0
7.609297 0 0 0 0 0 0
7.6415042 0 0 0 0 0 0
7.6874176 0 0 0 0 0 0
7.7194968 0 0 0 0 0 0
7.7500899 0 0 0 0 0 0
7.8291955 0 0 0 0 0 0
7.8438503 0 0 0 0 0 0
7.8905834 0 0 0 0 0 0
7.9220446 0 0 0 0 0 0
7.9536193 0 0 0 0 0 0
7.9999149 0 0 0 0 0 0
8.032165 0 0 0 0 0 0
8.0632612 0 0 0 0 0 0
8.0940613 0 0 0 0 0 0
8.1249667 0 0 0 0 0 0
8.156763 0 0 0 0 0 0
8.1875726 0 0 0 0 0 0
8.218668 0 0 0 0 0 0
8.2501624 0 0 0 0 0 0
8.2967921 0 0 0 0 0 0
8.3436894 0 0 0 0 0 0
8.3594159 0 0 0 0 0 0
8.3907086 0 0 0 0 0 0
8.4374156 0 0 0 0 0 0
8.4843005 0 0 0 0 0 0
8.5311657 0 0 0 0 0 0
8.5624173 0 0 0 0 0 0
8.578123 0 0 0 0 0 0
8.6561711 0 0 0 0 0 0
8.7030442 0 0 0 0 0 0
8.7346744 0 0 0 0 0 0
8.7661176 0 0 0 0 0 0
8.8124334 0 0 0 0 0 0
8.85931 0 0 0 0 0 0
8.8753559 0 0 0 0 0 0
8.907193 0 0 0 0 0 0
8.9530581 0 0 0 0 0 0
8.9999152 0 0 0 0 0 0
9.0322826 0 0 0 0 0 0
9.062419 0 0 0 0 0 0
9.1092959 0 0 0 0 0 0
9.1416449 0 0 0 0 0 0
9.1874151 0 0 0 0 0 0
9.2667199 0 0 0 0 0 0
9.2813743 0 0 0 0 0 0
9.3129523 0 0 0 0 0 0
9.3592937 0 0 0 0 0 0
9.3756937 0 0 0 0 0 0
9.421791 0 0 0 0 0 0
9.4686649 0 0 0 0 0 0
9.5155429 0 0 0 0 0 0
9.5624496 0 0 0 0 0 0
9.656294 0 0 0 0 0 0
9.6726509 0 0 0 0 0 0
9.7186647 0 0 0 0 0 0
9.7655709 0 0 0 0 0 0
9.8282539 0 0 0 0 0 0
9.8436701 0 0 0 0 0 0
9.8905539 0 0 0 0 0 0
9.9218024 0 0 0 0 0 0
9.9686687 0 0 0 0 0 0
10.0313467 0 0 0 0 0 0
10.0624164 0 0 0 0 0 0
10.0936649 0 0 0 0 0 0
10.1249318 0 0 0 0 0 0
10.1717961 0 0 0 0 0 0
10.2030411 0 0 0 0 0 0
10.234441 0 0 0 0 0 0
10.2659711 0 0 0 0 0 0
10.2972807 0 0 0 0 0 0
10.3282247 0 0 0 0 0 0
10.3593707 0 0 0 0 0 0
10.3906082 0 0 0 0 0 0
10.4374274 0 0 0 0 0 0
10.4686746 0 0 0 0 0 0
10.4999276 0 0 0 0 0 0
10.5311669 0 0 0 0 0 0
10.5780421 0 0 0 0 0 0
10.6249262 0 0 0 0 0 0
10.6561783 0 0 0 0 0 0
10.6874188 0 0 0 0 0 0
10.7032598 0 0 0 0 0 0
10.7343194 0 0 0 0 0 0
10.7658578 0 0 0 0 0 0
10.8124234 0 0 0 0 0 0
10.843798 0 0 0 0 0 0
10.8756478 0 0 0 0 0 0
10.9217927 0 0 0 0 0 0
10.9530433 0 0 0 0 0 0
10.9999176 0 0 0 0 0 0
11.0467928 0 0 0 0 0 0
11.0780442 0 0 0 0 0 0
11.0940292 0 0 0 0 0 0
11.1405514 0 0 0 0 0 0
11.171792 0 0 0 0 0 0
11.2030431 0 0 0 0 0 0
11.2499302 0 0 0 0 0 0
11.2655985 0 0 0 0 0 0
11.3124183 0 0 0 0 0 0
11.3436804 0 0 0 0 0 0
11.3905774 0 0 0 0 0 0
11.4374173 0 0 0 0 0 0
11.4534458 0 0 0 0 0 0
11.4999261 0 0 0 0 0 0
11.5780572 0 0 0 0 0 0
11.6250331 0 0 0 0 0 0
11.6562355 0 0 0 0 0 0
11.6875624 0 0 0 0 0 0
11.7342936 0 0 0 0 0 0
11.7655402 0 0 0 0 0 0
11.8291942 0 0 0 0 0 0
11.8436681 0 0 0 0 0 0
11.8750028 0 0 0 0 0 0
11.9218059 0 0 0 0 0 0
11.9530404 0 0 0 0 0 0
11.9842914 0 0 0 0 0 0
12.0311683 0 0 0 0 0 0
12.0780422 0 0 0 0 0 0
12.0939541 0 0 0 0 0 0
12.1251044 0 0 0 0 0 0
12.1562075 0 0 0 0 0 0
12.2030495 0 0 0 0 0 0
12.2346245 0 0 0 0 0 0
12.2664132 0 0 0 0 0 0
12.2970939 0 0 0 0 0 0
12.3436673 0 0 0 0 0 0
12.3905592 0 0 0 0 0 0
12.4217928 0 0 0 0 0 0
12.4539212 0 0 0 0 0 0
12.4848071 0 0 0 0 0 0
12.5156796 0 0 0 0 0 0
12.5624194 0 0 0 0 0 0
12.5940958 0 0 0 0 0 0
12.640545 0 0 0 0 0 0
12.6726122 0 0 0 0 0 0
12.7041789 0 0 0 0 0 0
12.7664327 0 0 0 0 0 0
12.8285693 0 0 0 0 0 0
12.85981 0 0 0 0 0 0
12.8909145 0 0 0 0 0 0
12.9374175 0 0 0 0 0 0
12.9686727 0 0 0 0 0 0
13.0155455 0 0 0 0 0 0
13.0468065 0 0 0 0 0 0
13.0782176 0 0 0 0 0 0
13.1098313 0 0 0 0 0 0
13.1406505 0 0 0 0 0 0
13.1874158 0 0 0 0 0 0
13.2198214 0 0 0 0 0 0
13.2504961 0 0 0 0 0 0
13.2812957 0 0 0 0 0 0
13.3280526 0 0 0 0 0 0
13.374921 0 0 0 0 0 0
13.4062304 0 0 0 0 0 0
13.4383703 0 0 0 0 0 0
13.4691613 0 0 0 0 0 0
13.5002632 0 0 0 0 0 0
13.5320133 0 0 0 0 0 0
13.5780414 0 0 0 0 0 0
13.6249194 0 0 0 0 0 0
13.656846 0 0 0 0 0 0
13.6883329 0 0 0 0 0 0
13.7811666 0 0 0 0 0 0
13.7967954 0 0 0 0 0 0
13.8284041 0 0 0 0 0 0
13.8604153 0 0 0 0 0 0
13.8907146 0 0 0 0 0 0
13.9225934 0 0 0 0 0 0
13.9541838 0 0 0 0 0 0
13.984388 0 0 0 0 0 0
14.031166 0 0 0 0 0 0
14.0629254 0 0 0 0 0 0
14.0941162 0 0 0 0 0 0
14.1254102 0 0 0 0 0 0
14.1563514 0 0 0 0 0 0
14.1875309 0 0 0 0 0 0
14.2812028 0 0 0 0 0 0
14.3280533 0 0 0 0 0 0
14.3594022 0 0 0 0 0 0
14.4061651 0 0 0 0 0 0
14.4218684 0 0 0 0 0 0
14.4530936 0 0 0 0 0 0
14.4843969 0 0 0 0 0 0
14.5155434 0 0 0 0 0 0
14.547468 0 0 0 0 0 0
14.5781157 0 0 0 0 0 0
14.640978 0 0 0 0 0 0
14.6717978 0 0 0 0 0 0
14.70326 0 0 0 0 0 0
14.7344916 0 0 0 0 0 0
14.7665291 0 0 0 0 0 0
14.8124184 0 0 0 0 0 0
14.8446129 0 0 0 0 0 0
14.8754519 0 0 0 0 0 0
14.9218004 0 0 0 0 0 0
14.9380012 0 0 0 0 0 0
14.9686681 0 0 0 0 0 0
15.0632094 0 0 0 0 0 0
15.0780718 0 0 0 0 0 0
15.109679 0 0 0 0 0 0
15.1410244 0 0 0 0 0 0
15.17268 0 0 0 0 0 0
15.203043 0 0 0 0 0 0
15.2811698 0 0 0 0 0 0
15.3280648 0 0 0 0 0 0
15.3594257 0 0 0 0 0 0
15.3905409 0 0 0 0 0 0
15.4217921 0 0 0 0 0 0
15.4532695 0 0 0 0 0 0
15.4849393 0 0 0 0 0 0
15.5156509 0 0 0 0 0 0
15.5471585 0 0 0 0 0 0
15.5936822 0 0 0 0 0 0
15.6561648 0 0 0 0 0 0
15.6722593 0 0 0 0 0 0
15.7031193 0 0 0 0 0 0
15.7346558 0 0 0 0 0 0
15.7659933 0 0 0 0 0 0
15.812418 0 0 0 0 0 0
15.8439534 0 0 0 0 0 0
15.8753235 0 0 0 0 0 0
15.9070121 0 0 0 0 0 0
15.9380292 0 0 0 0 0 0
15.9691161 0 0 0 0 0 0
16.0155523 0 0 0 0 0 0
16.0313664 0 0 0 0 0 0
16.063049 0 0 0 0 0 0
16.0937272 0 0 0 0 0 0
16.1250254 0 0 0 0 0 0
16.1572859 0 0 0 0 0 0
16.1874819 0 0 0 0 0 0
16.2499597 0 0 0 0 0 0
16.2813638 0 0 0 0 0 0
16.3127202 0 0 0 0 0 0
16.3441321 0 0 0 0 0 0
16.375719 0 0 0 0 0 0
16.4217916 0 0 0 0 0 0
16.453111 0 0 0 0 0 0
16.4999169 0 0 0 0 0 0
16.5157938 0 0 0 0 0 0
16.5471664 0 0 0 0 0 0
16.5936777 0 0 0 0 0 0
16.6249166 0 0 0 0 0 0
16.6406058 0 0 0 0 0 0
16.6727397 0 0 0 0 0 0
16.7041402 0 0 0 0 0 0
16.7348161 0 0 0 0 0 0
16.7661275 0 0 0 0 0 0
16.8291798 0 0 0 0 0 0
16.8593773 0 0 0 0 0 0
16.8912844 0 0 0 0 0 0
16.9221372 0 0 0 0 0 0
16.9532057 0 0 0 0 0 0
16.9844396 0 0 0 0 0 0
17.0784497 0 0 0 0 0 0
17.1093287 0 0 0 0 0 0
17.1416121 0 0 0 0 0 0
17.172126 0 0 0 0 0 0
17.2031112 0 0 0 0 0 0
17.2499459 0 0 0 0 0 0
17.2967967 0 0 0 0 0 0
17.3436681 0 0 0 0 0 0
17.3749236 0 0 0 0 0 0
17.4374802 0 0 0 0 0 0
17.4689701 0 0 0 0 0 0
17.6405448 0 0 0 0 0 0
17.7186655 0 0 0 0 0 0
17.7354548 0 0 0 0 0 0
17.7656189 0 0 0 0 0 0
17.8436673 0 0 0 0 0 0
17.8752267 0 0 0 0 0 0
17.9064359 0 0 0 0 0 0
17.9377644 0 0 0 0 0 0
17.9692513 0 0 0 0 0 0
18.0468144 0 0 0 0 0 0
18.0626436 0 0 0 0 0 0
18.093719 0 0 0 0 0 0
18.1260597 0 0 0 0 0 0
18.1566903 0 0 0 0 0 0
18.1877985 0 0 0 0 0 0
18.3135286 0 0 0 0 0 0
18.3445347 0 0 0 0 0 0
18.3755444 0 0 0 0 0 0
18.4217948 0 0 0 0 0 0
18.4530426 0 0 0 0 0 0
18.4999167 0 0 0 0 0 0
18.5165134 0 0 0 0 0 0
18.5468857 0 0 0 0 0 0
18.5782036 0 0 0 0 0 0
18.6874699 0 0 0 0 0 0
18.7187343 0 0 0 0 0 0
18.7345468 0 0 0 0 0 0
18.8126141 0 0 0 0 0 0
18.8280637 0 0 0 0 0 0
18.9686846 0 0 0 0 0 0
19.0470204 0 0 0 0 0 0
19.0936723 0 0 0 0 0 0
19.1405417 0 0 0 0 0 0
19.156973 0 0 0 0 0 0
19.2030398 0 0 0 0 0 0
19.2343196 0 0 0 0 0 0
19.2655435 0 0 0 0 0 0
19.29719 0 0 0 0 0 0
19.3283831 0 0 0 0 0 0
19.3597781 0 0 0 0 0 0
19.3908597 0 0 0 0 0 0
19.4374163 0 0 0 0 0 0
19.4687198 0 0 0 0 0 0
19.5155657 0 0 0 0 0 0
19.5468142 0 0 0 0 0 0
19.6251223 0 0 0 0 0 0
19.6561956 0 0 0 0 0 0
19.7030409 0 0 0 0 0 0
19.7349412 0 0 0 0 0 0
19.7812217 0 0 0 0 0 0
19.8280427 0 0 0 0 0 0
19.8440124 0 0 0 0 0 0
19.8905401 0 0 0 0 0 0
19.9217919 0 0 0 0 0 0
19.9379958 0 0 0 0 0 0
19.9844362 0 0 0 0 0 0
20.0002615 0 0 0 0 0 0
20.0311667 0 0 0 0 0 0
20.078043 0 0 0 0 0 0
20.1249298 0 0 0 0 0 0
20.1561712 0 0 0 0 0 0
20.187416 0 0 0 0 0 0
20.297496 0 0 0 0 0 0
20.312417 0 0 0 0 0 0
20.3593125 0 0 0 0 0 0
20.4218412 0 0 0 0 0 0
20.4374636 0 0 0 0 0 0
20.4999744 0 0 0 0 0 0
20.5312618 0 0 0 0 0 0
20.5936683 0 0 0 0 0 0
20.6249266 0 0 0 0 0 0
20.6561671 0 0 0 0 0 0
20.6874227 0 0 0 0 0 0
20.7186711 0 0 0 0 0 0
20.7500222 0 0 0 0 0 0
20.7967901 0 0 0 0 0 0
20.8436649 0 0 0 0 0 0
20.8599406 0 0 0 0 0 0
20.890542 0 0 0 0 0 0
20.9374527 0 0 0 0 0 0
21.0313485 0 0 0 0 0 0
21.0780422 0 0 0 0 0 0
21.0940999 0 0 0 0 0 0
21.1250485 0 0 0 0 0 0
21.1717924 0 0 0 0 0 0
21.2349518 0 0 0 0 0 0
21.2503445 0 0 0 0 0 0
21.3280481 0 0 0 0 0 0
21.3438328 0 0 0 0 0 0
21.390545 0 0 0 0 0 0
21.4062338 0 0 0 0 0 0
21.4530459 0 0 0 0 0 0
21.4686891 0 0 0 0 0 0
21.5000028 0 0 0 0 0 0
21.5314778 0 0 0 0 0 0
21.5635668 0 0 0 0 0 0
21.6093061 0 0 0 0 0 0
21.6406292 0 0 0 0 0 0
21.6725701 0 0 0 0 0 0
21.7033133 0 0 0 0 0 0
21.7351499 0 0 0 0 0 0
21.7662588 0 0 0 0 0 0
21.7972395 0 0 0 0 0 0
21.8280408 0 0 0 0 0 0
21.8595422 0 0 0 0 0 0
21.9061676 0 0 0 0 0 0
21.9380137 0 0 0 0 0 0
21.984296 0 0 0 0 0 0
22.0311687 0 0 0 0 0 0
22.063156 0 0 0 0 0 0
22.1093216 0 0 0 0 0 0
22.1561668 0 0 0 0 0 0
22.2503158 0 0 0 0 0 0
22.2967924 0 0 0 0 0 0
22.3126982 0 0 0 0 0 0
22.34408 0 0 0 0 0 0
22.3905464 0 0 0 0 0 0
