4.0831432 0 0 -1.56888322122073 -0.103461643479603 -1.43618758980422 0.174085657797135 15.2016024068127 4.69794405735849 -0.991518837779872
39.4789792 -0.00500856159608083 -1.299402117681 -1.57496416393863 -1.77010864525471 -0.333349413156204 -0.325494253040502 7.15319748831772 2.19173065285838 -3.68112832938995
62.8819761 -0.00965575994658837 -2.51639606278997 -1.56888322122073 -0.0203774288805518 -0.239776115363339 1.04331381670331 0.00675644748343674 1.14376451027397 0.0453240669041993
88.5869785 -0.00910878567333598 -3.73781124303464 -1.56888322122073 0.0136397366770708 0.816174298197864 1.17511367745807 0.0107815778081372 3.00557568091764 0.0360600158844098
96.2720919 -0.00792876165914953 -3.73668620314052 8.96852037080009E-16 0.0124605360202649 0.436774107453133 0.435583037247891 0.0101984626700621 4.36340427141275 0.0648175952466688
119.3469858 1.11947027834461 -3.82529901023365 -0.00608094271790871 0.90620953822459 -3.41007044286937 0.209957160635325 0.364647200496775 2.32498093299629 -0.910478172887452
138.1709808 2.33794103914407 -3.82710662890172 -0.00608094271790871 2.30827657650318 -3.82952583560239 0.0145659994846204 0.0285877463704223 0.0336393654222457 -0.0252219993792729
147.5700032 2.33912930448605 -3.82716883128623 3.13776644244146 2.32319268068197 -3.83364643807071 -0.57564024828772 0.0073425204045229 0.0011774057594681 0.000744248554144974
168.9141495 1.31789526474018 -3.83367707786552 3.13776644244146 1.31556415787875 -3.86613005698227 -1.17271097859062 0.0066768273143916 0.00160282203259341 0.000659738880875666
179.7499757 0.100896948488809 -3.83493114225068 -3.13933792202022 0.105377280698746 -3.88804883548689 0.0269370026369198 0.00515491076531784 0.0012034856242349 -7.1474951885372E-05
196.505981 0.0993134161556229 -3.83504123192923 1.56888322122073 0.100755790433974 -3.88211568272481 1.58503436717944 0.00405308622251541 0.00108475007470077 7.95106321622431E-05
216.9999806 0.00941916338802864 -2.71504076162514 1.56888322122073 -0.00164582638271399 -2.74574425120558 1.55041660130116 0.00197853576371284 0.00117401180327839 -0.000137034452568138
237.4889796 0.00540565776536412 -1.49657403689792 1.56888322122073 -0.00395996385292492 -1.52857941942878 1.57895338939448 0.0020995807589729 0.00151200484778374 -0.000120952304641184
