0.0510341 -14 543
0.1080728 -14 543
0.1601098 -14 543
0.2123299 -14 543
0.2643653 -14 543
0.3314825 -14 544
0.3836256 -14 544
0.4358303 -14 544
0.4898664 -14 544
0.5419366 -14 544
0.5941418 -14 544
0.6472434 -14 544
0.6982787 -14 544
0.7503134 -14 544
0.8023482 -14 546
0.8563849 -14 546
0.9184252 -14 546
0.9705518 -14 546
1.0226949 -14 546
1.0757287 -14 546
1.1277652 -14 546
1.1797999 -14 546
1.2328348 -14 546
1.2848702 -14 546
1.3439085 -14 546
1.3969451 -14 546
1.4489787 -14 542
1.5130221 -14 542
1.5650563 -14 542
1.6170911 -14 542
1.6691264 -14 542
1.7221624 -14 542
1.7742001 -14 542
1.8282322 -14 542
1.880267 -14 542
1.9553188 -14 547
2.0073519 -14 547
2.0603868 -14 547
2.1134239 -14 547
2.1744647 -14 547
2.2275937 -14 547
2.2796131 -14 547
2.3336486 -14 547
2.3866858 -14 547
2.4397195 -14 553
2.4927544 -14 553
2.5447915 -14 553
2.597015 -14 553
2.6501354 -14 553
2.7021702 -14 553
2.7542061 -14 553
2.8062409 -14 553
2.8602798 -14 553
2.920316 -14 549
2.9723496 -14 549
3.025385 -14 549
3.0774198 -14 549
3.1304553 -14 549
3.1820282 -14 549
3.2350716 -14 549
3.288098 -14 549
3.3401344 -14 549
3.3921692 -14 549
3.447206 -14 547
3.504243 -14 547
3.5562783 -14 547
3.6094746 -14 547
3.6615841 -14 547
3.7257808 -14 547
3.7779376 -14 547
3.829973 -14 547
3.8820973 -14 547
3.934132 -14 550
3.9862871 -14 550
4.0383168 -14 550
4.0904268 -14 550
4.1424604 -14 550
4.1944958 -14 550
4.2476305 -14 550
4.3066711 -14 550
4.3587058 -14 550
4.4118262 -14 548
4.4649666 -14 548
4.5230065 -14 548
4.5762701 -14 548
4.6293061 -14 548
4.6823409 -14 548
4.7353798 -14 548
4.7884124 -14 548
4.8404461 -14 548
4.9015792 -14 548
4.9546956 -14 548
5.007763 -14 548
5.0608019 -14 548
5.1229163 -14 548
5.1749511 -14 548
5.2279871 -14 548
5.2810534 -14 548
5.3340882 -14 548
5.3862148 -14 543
5.4386202 -14 543
5.4908255 -14 543
5.5458885 -14 543
5.604928 -14 543
5.6579628 -14 543
5.7090614 -14 543
5.7611743 -14 543
5.8142109 -14 543
5.8653311 -14 543
5.9243728 -14 543
5.9764053 -14 543
6.0284612 -14 543
6.0804942 -14 543
6.1335314 -14 543
6.1856557 -14 543
6.2386917 -14 543
6.2918937 -14 543
6.3449297 -14 543
6.3979731 -14 548
6.4510912 -14 548
6.5051273 -66 548
6.5581639 -66 548
6.6111982 -66 548
6.6643255 -66 548
6.7283683 -66 548
6.7824044 -66 548
6.8364388 -66 548
6.9034859 -62 582
6.9565202 -62 582
7.0096457 -62 582
7.0626818 -62 582
7.1237231 -62 582
7.176758 -62 582
7.2430787 -62 582
7.3091234 -62 582
7.3621583 -62 582
7.4152234 -44 767
7.4692606 -44 767
7.52849 -44 767
7.5826259 -44 767
7.6447916 -44 767
7.707811 -44 767
7.7608453 -44 767
7.8138824 -44 767
7.8669184 -44 767
7.9309607 -24 970
7.9840623 -24 970
8.0462685 -24 970
8.1093118 -24 970
8.1623661 -24 970
8.2154808 -24 970
8.2695169 -24 970
8.3305571 -24 970
8.3837094 -4 1172
8.4377461 -4 1172
8.4938651 -4 1172
8.5469907 -4 1172
8.6000871 -4 1172
8.6551239 -4 1172
8.7082945 -4 1172
8.7613294 -4 1172
8.8154481 -4 1172
8.868483 5 1272
8.9216217 5 1272
8.9756584 5 1272
9.0276937 5 1272
9.0917365 5 1272
9.1447725 5 1272
9.1999598 5 1272
9.2529953 5 1272
9.3161121 5 1272
9.36935 4 1269
9.4224784 4 1269
9.4766251 4 1269
9.52966 4 1269
9.5827855 4 1269
9.6358837 4 1269
9.6899939 4 1269
9.7431286 4 1269
9.7972633 4 1269
9.8502919 4 1269
9.9043286 5 1276
9.9565407 5 1276
10.0096708 5 1276
10.0628055 5 1276
10.1208449 5 1276
10.1728785 5 1276
10.2269152 5 1276
10.280953 5 1276
10.33407 5 1276
10.3871049 4 1269
10.4401392 4 1269
10.4942363 4 1269
10.5472718 4 1269
10.6003979 4 1269
10.6534322 4 1269
10.7064693 4 1269
10.761505 4 1269
10.8165418 4 1269
10.8695783 4 1265
10.9256141 4 1265
10.9786849 4 1265
11.0317198 4 1265
11.1028545 4 1265
11.1558882 4 1265
11.2089499 4 1265
11.2629877 4 1265
11.3270305 4 1265
11.3800939 5 1276
11.4331305 5 1276
11.486166 5 1276
11.5392014 5 1276
11.5922368 5 1276
11.6452717 5 1276
11.7073132 5 1276
11.76051 5 1276
11.8146482 5 1276
11.8666733 5 1275
11.9297154 5 1275
11.9827491 5 1275
12.0387872 5 1275
12.1168456 5 1275
12.1698753 5 1275
12.2260114 5 1275
12.2781158 5 1275
12.3391594 5 1275
12.3911919 5 1274
12.4462293 5 1274
12.4992647 5 1274
12.5523002 5 1274
12.6053339 5 1274
12.6594789 5 1274
12.7215204 5 1274
12.7735563 5 1274
12.8266784 5 1274
12.8807163 5 1276
12.9347512 5 1276
12.9877861 5 1276
13.0429136 5 1276
13.1071679 5 1276
13.1602016 5 1276
13.2143153 5 1276
13.2664368 5 1276
13.3436587 4 1270
13.3956912 4 1270
13.4477226 4 1270
13.5068464 4 1270
13.5589656 4 1270
13.6110859 4 1270
13.663172 4 1270
13.7232138 4 1270
13.7762476 4 1270
13.8342869 4 1276
13.8863212 4 1276
13.9384705 4 1276
13.9915054 4 1276
14.0445414 4 1276
14.0975757 4 1276
14.148692 4 1276
14.2008562 4 1276
14.2530637 4 1276
14.307101 4 1276
14.360137 4 1272
14.4131707 4 1272
14.4652066 4 1272
14.5223035 4 1272
14.5753378 4 1272
14.6273732 4 1272
14.6804189 4 1272
14.7325169 4 1272
14.7855524 4 1272
14.8385884 4 1272
14.8916233 4 1276
14.9536659 4 1276
15.0057839 4 1276
15.0588211 4 1276
15.1108844 4 1276
15.1629186 4 1276
15.2159552 4 1276
15.2679888 4 1276
15.3291197 4 1276
15.3821546 4 1276
15.434195 4 1276
15.4862253 4 1276
15.5412729 4 1276
15.5942969 4 1276
15.6464121 4 1276
15.6994475 4 1276
15.7514817 4 1276
15.803516 4 1276
15.8585533 4 1271
15.9115893 4 1271
15.9757627 4 1271
16.0279845 4 1271
16.0800199 4 1271
16.1360567 4 1271
16.1880915 4 1271
16.2401263 4 1271
