0.0250156 -98 1235
0.0760508 -98 1235
0.1260921 -98 1235
0.177125 -98 1232
0.2281722 -98 1232
0.2791897 -98 1232
0.3302192 -98 1232
0.3812613 -98 1232
0.4322919 -98 1232
0.4833299 -98 1232
0.534356 -98 1232
0.5844162 -98 1232
0.6354229 -98 1232
0.6864615 -98 1239
0.7374955 -98 1239
0.7885296 -98 1239
0.8395636 -98 1239
0.8905943 -98 1239
0.9416277 -98 1239
0.9926658 -98 1239
1.0436958 -98 1239
1.0937435 -98 1239
1.1447878 -98 1239
1.1958025 -98 1236
1.2468302 -98 1236
1.2978734 -98 1236
1.3488995 -98 1236
1.3999375 -98 1236
1.4509716 -98 1236
1.5020011 -98 1236
1.5530374 -98 1236
1.6040737 -98 1236
1.6551032 -98 1236
1.7061607 -98 1236
