0.0009961 156 2810
0.0510313 156 2810
0.1020642 156 2810
0.1530972 156 2810
0.2032401 156 2810
0.2534674 156 2810
0.3036457 155 2803
0.3546792 155 2803
0.4047229 155 2803
0.4557508 155 2803
0.5058657 155 2803
0.556056 155 2803
0.607081 155 2803
0.6581202 155 2803
0.7091492 155 2803
0.7601884 155 2803
0.811218 155 2802
0.8614293 155 2802
0.9124629 155 2802
0.9634878 155 2802
1.0145231 155 2802
1.0655652 155 2802
1.1165965 155 2802
1.1676306 155 2802
1.218659 155 2802
1.2696942 155 2799
1.3197351 155 2799
1.3698757 155 2799
1.4200283 155 2799
1.4710328 155 2799
1.5213034 155 2799
1.5713408 155 2799
1.6223715 155 2799
1.6734056 155 2799
1.7234579 155 2799
1.7744795 156 2807
1.8255734 156 2807
1.8766076 156 2807
1.9276422 156 2807
1.9786815 156 2807
2.0297145 156 2807
2.08074 156 2807
2.1317753 156 2807
2.1818087 156 2807
2.2318416 156 2807
2.2828842 155 2796
2.3339206 155 2796
2.384949 155 2796
2.4359871 155 2796
2.4870184 155 2796
2.5380576 155 2796
2.5890798 155 2796
2.6401139 155 2796
2.691148 155 2796
2.7421821 155 2796
2.792215 155 2803
2.8432502 155 2803
2.893384 155 2803
2.9444848 155 2803
2.9955075 155 2803
3.045545 155 2803
3.0965762 155 2803
3.1476098 155 2803
3.1986519 155 2803
3.2496814 155 2803
3.2997953 155 2800
3.3508345 155 2800
3.4009643 155 2800
3.451012 155 2800
3.5020324 155 2800
3.5530699 155 2800
3.6041041 155 2800
3.6542202 155 2800
