0.0040129 0 0 1063
0.0550394 0 0 1063
0.1060734 0 0 1063
0.1571045 0 0 1061
0.2081379 0 0 1061
0.2591747 0 0 1061
0.3102098 0 0 1061
0.3612455 0 0 1061
0.4122749 0 0 1061
0.46331 0 0 1061
0.514344 0 0 1061
0.5653808 0 0 1061
0.6164125 0 0 1066
0.6674459 0 0 1066
0.7184787 0 0 1066
0.7695127 0 0 1066
0.8205466 0 0 1066
0.8715806 0 0 1066
0.922622 0 0 1066
0.9736531 0 0 1066
1.024691 0 0 1066
1.0757159 0 0 1066
1.1267498 0 0 1061
1.1777844 0 0 1061
1.2288178 0 0 1061
1.2798529 0 0 1061
1.3308863 0 0 1061
1.3819242 0 0 1061
1.4329588 0 0 1061
1.4839876 0 0 1061
1.5350233 0 0 1061
1.5860578 0 0 1061
1.6370889 0 0 1074
1.688128 0 0 1074
1.739162 0 0 1074
1.7901925 0 0 1074
1.8412305 0 0 1074
1.8922604 0 0 1074
1.9432944 0 0 1074
1.9943272 0 0 1074
2.0453658 0 0 1074
2.0963997 0 0 1074
2.1474308 0 0 1069
2.1984682 0 0 1069
2.2494971 0 0 1069
2.300531 0 0 1069
2.3515667 0 0 1069
2.4026001 0 0 1069
2.4536415 0 0 1069
2.5046743 0 0 1069
2.5557037 0 0 1069
2.6067394 0 0 1074
2.6577699 0 0 1074
2.7088113 0 0 1074
2.7598384 0 0 1074
2.8108752 0 0 1074
2.8619058 0 0 1074
2.912938 0 0 1074
2.9639771 0 0 1074
3.0150065 0 0 1074
3.0660416 0 0 1074
3.117075 0 0 1070
3.1681113 0 0 1070
3.219143 0 0 1070
3.2701769 0 0 1070
3.3212143 0 0 1070
3.3722454 0 0 1070
3.4232782 0 0 1070
3.4743168 0 0 1070
3.5253507 0 0 1070
3.5763853 0 0 1070
3.6284165 0 0 1058
3.6794521 0 0 1058
3.7304855 0 0 1058
3.7815212 0 0 1058
3.8325518 0 0 1058
3.8835857 0 0 1058
3.9346197 0 0 1058
3.9856531 0 0 1058
4.0366927 0 0 1058
4.0877244 0 0 1058
4.1387555 0 0 1066
4.1897889 0 0 1066
4.2408269 0 0 1066
4.2918574 0 0 1066
4.3428908 0 0 1066
4.3939254 0 0 1066
4.4449628 0 0 1066
4.4959922 0 0 1066
4.5470256 0 0 1066
4.5980607 0 0 1067
4.6490941 0 0 1067
4.7001297 0 0 1067
4.7511637 0 0 1067
4.8031983 0 0 1067
4.8542317 0 0 1067
4.9052691 0 0 1067
4.9563031 0 0 1067
5.0073336 0 0 1067
5.058367 0 0 1067
5.109401 0 0 1062
5.1604349 0 0 1062
5.2114689 0 0 1062
5.262504 0 0 1062
5.3135363 0 0 1062
5.3645702 0 0 1062
5.4166054 0 0 1062
5.4676394 0 0 1062
5.5186773 0 0 1062
5.5697067 0 0 1062
5.6207413 0 0 1071
5.6717741 0 0 1071
5.7228098 0 0 1071
5.7738477 0 0 1071
5.8248817 0 0 1071
5.8759111 0 0 1071
5.9269491 0 0 1071
5.9779864 0 0 1071
6.0290335 0 0 1071
6.0800703 0 0 1071
6.1311049 0 0 1061
6.1821371 0 0 1061
6.2331745 0 0 1061
6.2842039 0 0 1061
6.3352424 0 0 1061
6.3862736 0 0 1061
6.4373058 0 0 1061
6.488346 0 0 1061
6.5393783 0 0 1061
6.6044176 0 0 1061
6.6554544 0 0 1069
6.7064844 0 0 1069
6.7575275 0 0 1069
6.808558 0 0 1069
6.8595868 0 0 1069
6.9106208 0 0 1069
6.9616553 0 0 1069
7.0126893 0 0 1069
7.0637227 0 0 1069
7.1147561 0 0 1059
7.1657912 0 0 1059
7.2168263 0 0 1059
7.2678591 0 0 1059
7.3188977 0 0 1059
7.3699299 0 0 1059
7.420965 0 0 1059
7.4719944 0 0 1059
7.5230455 0 0 1059
7.574072 0 0 1055
7.6251014 0 0 1055
7.6761348 0 0 1055
7.7271665 0.559203492338983 0 1055
7.7781988 1.11840698467797 0 1055
7.8292322 1.67761047701695 0 1055
7.8802718 2.23681396935593 0 1055
7.9313001 2.79601746169492 0 1055
7.9823369 3.3552209540339 0 1055
8.0333697 3.91442444637288 0 1055
8.0844071 4.47362793871187 0 1062
8.135436 5.03283143105085 0 1062
8.1864694 5.59203492338983 0 1062
8.2375033 6.15123841572881 0 1062
8.2885384 6.7104419080678 0 1062
8.3395724 7.26964540040678 0 1062
8.3906086 7.82884889274576 0 1062
8.4416443 8.38805238508475 0 1062
8.4926766 8.94725587742373 0 1062
8.5437077 9.50645936976271 0 1062
8.5957423 10.0656628621017 0 1068
8.6467763 10.6248663544407 0 1068
8.6978102 11.1840698467797 0 1068
8.7488533 11.7432733391186 0 1068
8.7998793 12.3024768314576 0 1068
8.8509127 12.8616803237966 0 1068
8.9019512 13.4208838161356 0 1068
8.9529846 13.9800873084746 0 1068
9.004014 14.5392908008136 0 1068
9.0550508 15.0984942931526 0 1068
9.1060831 15.6576977854915 0 1064
9.1571205 16.2169012778305 0 1064
9.2081504 16.7761047701695 0 1064
9.2591867 17.3353082625085 0 1064
9.3102189 17.8945117548475 0 1064
9.3612512 18.4537152471865 0 1064
9.4122909 19.0129187395254 0 1064
9.4633214 19.5721222318644 0 1064
9.5143537 20.1313257242034 0 1064
9.5653922 20.6905292165424 0 1058
9.6164239 21.2497327088814 0 1058
9.6674596 21.8089362012204 0 1058
9.718489 22.3681396935593 0 1058
9.7695246 22.9273431858983 0 1058
9.820558 23.4865466782373 0 1058
9.8715908 24.0457501705763 0 1058
9.9226299 24.6049536629153 0 1058
9.9736599 25.1641571552543 0 1058
10.0246939 25.7233606475932 0 1058
10.0757278 26.2825641399322 0 1061
10.1267664 26.8417676322712 0 1061
10.1777998 27.4009711246102 0 1061
10.2288297 27.9601746169492 0 1061
10.2798648 28.5193781092882 0 1061
10.3309022 29.0785816016272 0 1061
10.3829312 29.6377850939661 0 1061
10.433968 29.6377850939661 0 1061
10.4850356 29.6377850939661 0 1061
10.5360388 29.6377850939661 0 1061
10.5870682 29.6377850939661 0 1061
10.6381084 29.6377850939661 0 1061
10.6891572 29.6377850939661 0 1067
10.740174 29.6377850939661 0 1067
10.791204 29.6377850939661 0 1067
10.8422448 29.6377850939661 0 1067
10.8932754 29.6377850939661 0 1067
10.9443065 29.6377850939661 0 1067
10.9953404 29.6377850939661 0 1067
11.0463744 29.6377850939661 0 1067
11.0974084 29.6377850939661 0 1067
11.1484423 29.6377850939661 0 1067
11.1994757 29.6377850939661 0 1056
11.2505097 29.6377850939661 0 1056
11.3015431 29.6377850939661 0 1056
11.3525788 29.6377850939661 0 1056
11.4036156 29.6377850939661 0 1056
11.4546495 29.6377850939661 0 1056
11.5056784 29.6377850939661 0 1056
11.5567146 29.6377850939661 0 1056
11.6087481 29.6377850939661 0 1056
11.6597861 29.6377850939661 0 1061
11.710816 29.6377850939661 0 1061
11.76185 29.6377850939661 0 1061
11.8128868 29.6377850939661 0 1061
11.8639179 29.6377850939661 0 1061
11.914953 29.6377850939661 0 1061
11.9659853 29.6377850939661 0 1061
12.0170193 29.6377850939661 0 1061
12.0680538 29.6377850939661 0 1061
12.1190883 29.6377850939661 0 1061
12.1701217 29.6377850939661 0 1061
12.2211688 29.6377850939661 0 1061
12.2721897 29.6377850939661 0 1061
12.3232276 29.6377850939661 0 1061
12.3742792 29.6377850939661 0 1061
12.4252904 29.6377850939661 0 1061
12.4763295 29.6377850939661 0 1061
12.5273618 29.6377850939661 0 1061
12.5783963 29.6377850939661 0 1061
12.6294314 29.6377850939661 0 1061
