0.0310236 0 889 0
0.0820576 0 889 0
0.1330888 0 889 0
0.1841257 0 889 0
0.2351604 0 889 0
0.2861893 0 876 0
0.3372245 0 876 0
0.3882625 0 876 0
0.439296 0 876 0
0.490346 0 876 0
0.5413607 0 876 0
0.5923936 0 876 0
0.6434322 0 876 0
0.6944662 0 876 0
0.7454969 0 878 0
0.7965304 0 878 0
0.8475684 0 878 0
0.8986025 0 878 0
0.9496365 0 878 0
1.000666 0 878 0
1.0517046 0 878 0
1.1027392 0 878 0
1.1547688 0 878 0
1.2048016 0 878 0
1.255838 0 879 0
1.306872 0 879 0
1.3579044 0 879 0
1.4089407 0 879 0
1.459977 0 879 0
1.5110088 0 879 0
1.5620406 0 879 0
1.6130758 0 879 0
1.6641098 0 879 0
1.7151473 0 879 0
1.7661836 0 882 0
1.8172154 0 882 0
1.8682506 0 882 0
1.9192835 0 882 0
1.9703147 0 882 0
2.0213476 0 882 0
2.0723839 0 882 0
2.1234168 0 882 0
2.1744492 0 882 0
2.2254832 0 882 0
2.2765224 0 881 0
2.3275656 0 881 0
2.3785871 0 881 0
2.4296194 0 881 0
2.4806535 0 881 0
2.5316887 0 881 0
2.5827227 0 881 0
2.6337585 0 881 0
2.6847908 0 881 0
2.7358255 0 874 0
2.7868572 0 874 0
2.8378936 0 874 0
2.8889271 0 874 0
2.9399679 0 874 0
2.990994 0 874 0
3.0420281 0 874 0
3.0930644 0 874 0
3.1440979 0 874 0
3.1951297 0 874 0
3.2461694 0 878 0
3.2972035 0 878 0
3.3482335 0 878 0
3.3992716 0 878 0
3.450305 0 878 0
3.5013391 0 878 0
3.5523703 0 878 0
3.6034043 0 878 0
3.6554385 0 878 0
3.7064731 0 878 0
3.757506 0 881 0
3.8085407 0 881 0
3.8595736 0 881 0
3.9106127 0 881 0
3.9616428 0 881 0
4.0126757 0 881 0
4.0637428 0 881 0
4.114749 0 881 0
4.165783 0 881 0
4.2168131 0 881 0
4.2678511 0 876 0
4.3188852 0 876 0
4.3699158 0 876 0
4.4209487 0 876 0
4.471989 0 876 0
4.5230214 0 876 0
4.5740503 0 876 0
4.6250843 0 876 0
4.6761178 0 876 0
4.72619 0 886 0
4.777191 0 886 0
4.8282205 0 886 0
4.8792591 0 886 0
4.9302897 0 886 0
4.9813232 0 886 0
5.0323612 0 886 0
5.0833913 0 886 0
5.1344288 0 886 0
5.18546 0 886 0
5.2364974 0 882 0
5.2875263 0 882 0
5.338561 0 882 0
5.3895945 0 882 0
5.4406331 0 882 0
5.4916637 0 882 0
5.5427012 0 882 0
5.5937352 0 882 0
5.6447693 0 882 0
5.6957999 0 882 0
5.746834 0 882 0
5.797872 0 882 0
5.8480074 0 882 0
5.8990364 0 882 0
5.9500915 0 882 0
6.0011033 0 882 0
6.0521397 0 882 0
6.1031743 0 882 0
6.1542078 0 882 0
6.205243 0 882 0
6.2562793 0 878 0
6.3073088 0 878 0
6.3583463 0 878 0
6.4093757 0 878 0
6.4604144 0 878 0
6.511449 0 878 0
6.5624779 0 878 0
