0.0200162 0 9999 0
0.0721239 0 9999 0
0.1261617 0 9999 0
0.1771946 0 9999 0
0.2392354 0 9999 0
0.2912895 0 9999 0
0.3433237 0 9999 0
0.3965284 0 9999 0
0.4495643 0 9999 0
0.502598 0 9999 0
0.5546327 0 9999 0
0.6076687 0 9999 0
0.6597228 0 9999 0
0.7257686 0 9999 0
0.7779778 0 9999 0
0.8310137 0 9999 0
0.883049 0 9999 0
0.9350826 0 9999 0
0.9872376 0 9999 0
1.0443424 0 9999 0
1.0973784 0 9999 0
1.1485156 0 9999 0
1.2006381 0 9999 0
1.2537425 0 9999 0
1.3208483 0 9999 0
1.3728835 0 9999 0
1.4249183 0 9999 0
1.4769541 0 9999 0
1.5299895 0 9999 0
1.583058 0 9999 0
1.6350961 0 9999 0
1.6941327 0 9999 0
1.7471686 0 9999 0
1.7992016 0 9999 0
1.876253 0 9999 0
1.9292884 0 9999 0
1.9823449 0 9999 0
2.0353586 0 9999 0
2.0984007 0 9999 0
2.1505717 0 9999 0
2.2036801 0 9999 0
2.2567177 0 9999 0
2.3107515 0 9999 0
2.3627874 0 9999 0
2.4159944 0 9999 0
2.4750326 0 9999 0
2.5290698 0 9999 0
2.5821839 0 9999 0
2.6352198 0 9999 0
2.697361 0 9999 0
2.7513965 0 9999 0
2.8045368 0 9999 0
2.8836511 0 9999 0
2.9357759 0 9999 0
2.9888113 0 9999 0
3.0418467 0 9999 0
3.1018868 0 9999 0
3.1559992 0 9999 0
3.2090335 0 9999 0
3.2722574 0 9999 0
3.3262912 0 9999 0
3.3794184 0 9999 0
3.4335981 0 9999 0
3.4956384 0 9999 0
3.5496756 0 9999 0
3.6037122 0 9999 0
3.6567482 0 9999 0
3.7117843 0 9999 0
3.7659116 0 9999 0
3.8189481 0 9999 0
3.8719824 0 9999 0
3.9250178 0 9999 0
3.9780526 0 9999 0
4.0322916 0 9999 0
4.0883296 0 9999 0
4.1464664 0 9999 0
4.1995023 0 9999 0
4.2515941 0 9999 0
4.316638 0 9999 0
4.3717694 0 9999 0
4.4248983 0 9999 0
4.4899417 0 9999 0
4.5479816 0 9999 0
4.6010164 0 9999 0
4.6550513 0 9999 0
4.7080878 0 9999 0
4.7641258 0 9999 0
4.8161617 0 9999 0
4.8691953 0 9999 0
4.9222296 0 9999 0
4.9752707 0 9999 0
5.0273003 0 9999 0
5.0813357 0 9999 0
5.1393756 0 9999 0
5.1924138 0 9999 0
5.245447 0 9999 0
5.2984818 0 9999 0
5.3546092 0 9999 0
5.4096785 0 9999 0
5.4728129 0 9999 0
5.5269026 0 9999 0
5.5800383 0 9999 0
5.6340726 0 9999 0
5.6951128 0 9999 0
5.7482366 0 9999 0
5.8012731 0 9999 0
5.8543073 0 9999 0
5.9073444 0 9999 0
5.9604688 0 9999 0
6.0135047 0 9999 0
6.0667129 0 9999 0
6.1257528 0 9999 0
6.1789667 0 9999 0
6.2351016 0 9999 0
6.2882864 0 9999 0
6.3443215 0 9999 0
6.397358 0 9999 0
6.4504669 0 9999 0
6.5095075 0 9999 0
6.563543 0 9999 0
6.6165852 0 9999 0
6.670615 0 9999 0
6.72565 0 9999 0
6.779686 0 9999 0
6.8368039 0 9999 0
6.8930164 0 9999 0
6.9460523 0 9999 0
7.000264 0 9999 0
7.0532982 0 9999 0
7.106333 0 9999 0
7.1603691 0 9999 0
7.2134051 0 9999 0
7.2754465 0 9999 0
7.3334846 0 9999 0
7.3865211 0 9999 0
7.4396312 0 9999 0
7.4926649 0 9999 0
7.5537068 0 9999 0
7.6077428 0 9999 0
7.6617789 0 9999 0
7.7158155 0 9999 0
7.7688594 0 9999 0
7.8389085 0 9999 0
7.8940467 0 9999 0
7.9611798 0 9999 0
8.0142146 0 9999 0
8.073335 0 9999 0
8.1263698 0 9999 0
8.1795694 0 9999 0
8.2326053 0 9999 0
8.2927252 0 9999 0
8.3467715 0 9999 0
8.4007968 0 9999 0
8.4549212 0 9999 0
8.5169632 0 9999 0
8.5710602 0 9999 0
8.6250946 0 9999 0
8.6861353 0 9999 0
8.7401702 0 9999 0
8.794208 0 9999 0
8.8472753 0 9999 0
8.9016341 0 9999 0
