0.0180115 -11 1103
0.0710475 -11 1103
0.1230828 -11 1103
0.1762757 -11 1103
0.2294907 -11 1103
0.2825273 -11 1105
0.3375647 -11 1105
0.3906001 -11 1105
0.4797566 -11 1105
0.5319196 -11 1105
0.586051 -11 1105
0.651184 -11 1105
0.7042171 -11 1105
0.7563426 -11 1105
0.8094573 -11 1105
0.8725005 -11 1105
0.925536 -11 1105
0.9785714 -11 1105
1.0316052 -11 1105
1.0856419 -11 1105
1.1386779 -11 1105
1.1928007 -11 1105
1.2468379 -11 1105
1.2998717 -11 1105
1.3531768 -11 1101
1.4062117 -11 1101
1.464251 -11 1101
1.5172865 -11 1101
1.571322 -11 1101
1.6243569 -11 1101
1.6773935 -11 1101
1.7305219 -11 1101
1.7885618 -11 1104
1.8437451 -11 1106
1.8967817 -11 1106
1.9520084 -11 1106
2.0050438 -11 1106
2.0580787 -11 1106
2.1112111 -11 1106
2.1643429 -11 1106
2.2183802 -11 1106
2.2774196 -11 1106
2.3354584 -11 1100
2.3894945 -11 1100
2.4585412 -11 1100
2.5125774 -11 1100
2.5656567 -11 1100
2.618691 -11 1100
2.6717447 -11 1100
2.7247807 -11 1100
2.7788163 -11 1100
2.8318534 -11 1100
2.8858878 -11 1106
2.9399251 -11 1106
2.9929617 -11 1106
3.0670106 -11 1106
3.1200461 -11 1106
3.1730809 -11 1106
3.2261152 -11 1106
3.2801514 -11 1106
3.3341875 -11 1106
3.3872241 -11 1105
3.4402584 -11 1105
3.4932944 -11 1105
3.5474149 -11 1105
3.6005359 -11 1105
3.6536728 -11 1105
3.7066974 -11 1105
3.759823 -11 1105
3.818863 -11 1105
3.8718984 -11 1101
3.9250388 -11 1101
3.9781609 -11 1101
4.0383025 -11 1101
4.0914127 -11 1101
4.1456107 -11 1101
4.2006492 -11 1101
4.2616877 -11 1101
4.3147272 -11 1101
4.3678379 -10 1109
4.4500621 -10 1109
4.5021168 -10 1109
4.555223 -10 1109
4.6092602 -10 1109
4.6714077 -10 1109
4.7254427 -10 1109
4.778477 -10 1109
4.8565298 -11 1102
4.9145691 -11 1102
4.9746087 -11 1102
5.0426559 -11 1102
5.0956999 -11 1102
5.1497366 -11 1102
5.2027714 -11 1102
5.2558063 -11 1102
5.3088429 -11 1102
5.3619582 -11 1100
5.4149942 -11 1100
5.4760333 -11 1100
5.5290693 -11 1100
5.5821903 -11 1100
5.6352257 -11 1100
5.6882606 -11 1100
5.7422961 -11 1100
5.7943315 -11 1100
5.8594633 -10 1108
5.9124988 -10 1108
5.9655337 -10 1108
6.0186056 -10 1108
6.0806431 -10 1108
6.1326796 -10 1108
6.1867145 -10 1108
6.2457552 -10 1108
6.2987895 -10 1108
6.3528723 -11 1104
6.4069073 -11 1104
6.4701484 -11 1104
6.5231833 -11 1104
6.5762188 -11 1104
6.6352582 -11 1104
6.6872936 -11 1104
6.740329 -11 1104
6.793365 -11 1104
6.8554076 -11 1105
6.9084465 -11 1105
6.9626651 -11 1105
7.0157005 -11 1105
7.0767408 -11 1105
7.1297773 -11 1105
7.1818133 -11 1105
7.2348464 -11 1105
7.2878819 -11 1105
7.3409185 -11 1101
7.3941655 -11 1101
7.4492017 -11 1101
7.5022365 -11 1101
7.555386 -11 1101
7.6085304 -11 1101
7.667571 -11 1101
7.7216858 -11 1101
7.7747224 -11 1101
7.8527734 -11 1103
7.904807 -11 1103
7.9579297 -11 1103
8.0109657 -11 1103
8.0760086 -11 1103
8.129043 -11 1103
8.1820784 -11 1103
8.2361162 -11 1103
8.2951557 -11 1103
8.3482715 -11 1106
8.4024274 -11 1106
8.4554634 -11 1106
8.5084994 -11 1106
8.561617 -11 1106
8.6137647 -11 1106
8.6678008 -11 1106
8.7208955 -11 1106
8.7740205 -11 1106
8.8483505 -11 1103
8.9013865 -11 1103
8.9545964 -11 1103
9.0086343 -11 1103
9.0666725 -11 1103
9.1198146 -11 1103
9.1729783 -11 1103
9.2260143 -11 1103
9.2790498 -11 1103
9.3310845 -11 1107
9.3841211 -11 1107
9.4481639 -11 1107
9.5072023 -11 1107
9.5613296 -11 1107
9.6134739 -11 1107
9.6665082 -11 1107
9.7255488 -11 1107
9.778595 -11 1107
9.8397294 -11 1107
9.8937666 -11 1107
9.9480171 -11 1107
10.001052 -11 1107
10.0610927 -11 1107
10.1181302 -11 1107
10.1711646 -11 1107
10.2302063 -11 1107
10.2842401 -11 1107
10.3383806 -11 1104
10.3914155 -11 1104
10.446454 -11 1104
10.498487 -11 1104
10.5516166 -11 1104
10.6046526 -11 1104
10.6576886 -11 1104
10.7118963 -11 1104
10.7659325 -11 1104
10.8189679 -11 1106
10.8730034 -11 1106
10.9470529 -11 1106
11.0000884 -11 1106
11.0531233 -11 1106
11.1062545 -11 1106
11.1602901 -11 1106
11.2134144 -11 1106
11.2664505 -11 1106
11.3204877 -10 1115
11.3745233 -10 1115
11.4396414 -10 1115
11.4926752 -10 1115
11.5488021 -10 1115
11.6028394 -10 1115
11.6599682 -10 1115
11.7130019 -10 1115
11.7660385 -10 1115
11.819074 -11 1106
11.8732315 -11 1106
11.9313598 -11 1106
11.9853971 -11 1106
12.0394332 -11 1106
12.0924675 -11 1106
12.1606926 -11 1106
12.213728 -11 1106
12.2667624 -11 1106
12.3197984 -11 1102
12.3729125 -11 1102
12.4280257 -11 1102
12.4810611 -11 1102
12.5342374 -11 1102
12.5873573 -11 1102
12.6464771 -11 1102
12.6996357 -11 1102
12.7586758 -11 1102
12.8117141 -11 1107
12.8647472 -11 1107
12.9167814 -11 1107
12.9698169 -11 1107
13.0239733 -11 1107
13.0770082 -11 1107
13.130132 -11 1107
13.182266 -11 1107
13.2353009 -11 1107
13.2933397 -11 1104
13.3464641 -11 1104
13.3995006 -11 1104
13.452629 -11 1104
13.5066651 -11 1104
13.5577722 -11 1104
13.6108077 -11 1104
13.6668451 -11 1104
13.7208824 -11 1104
13.7749185 -11 1104
13.8329579 -11 1103
13.8860937 -11 1103
13.9392985 -11 1103
13.9933357 -11 1103
14.0464613 -11 1103
14.0994961 -11 1103
14.1535317 -11 1103
14.2056908 -11 1103
14.2587274 -11 1103
14.3119481 -11 1105
14.3649841 -11 1105
14.4180196 -11 1105
14.4720546 -11 1105
14.5241737 -11 1105
14.577301 -11 1105
14.6303353 -11 1105
14.6834483 -11 1105
14.7364826 -11 1105
14.7965233 -11 1100
14.8496397 -11 1100
14.9026746 -11 1100
14.9578602 -11 1100
15.0109857 -11 1100
15.0640217 -11 1100
15.1170566 -11 1100
15.1711737 -11 1100
15.2242074 -11 1100
15.277244 -11 1100
15.3302783 -11 1101
15.3843144 -11 1101
15.4463582 -11 1101
15.4994734 -11 1101
15.5525089 -11 1101
15.6055483 -11 1101
15.6655856 -11 1101
15.7186997 -11 1101
15.7717346 -11 1107
15.8247695 -11 1107
15.8778044 -11 1107
15.9309516 -11 1107
15.9850647 -11 1107
16.038099 -11 1107
16.0921368 -11 1107
16.1451723 -11 1107
16.1982955 -11 1107
16.2523322 -11 1107
16.305448 -11 1103
16.3584829 -11 1103
16.4125196 -11 1103
16.4715591 -11 1103
16.5245934 -11 1103
16.5776305 -11 1103
16.6317545 -11 1103
16.6847893 -11 1103
16.7399276 -11 1103
16.7930571 -11 1100
16.8460926 -11 1100
16.8991275 -11 1100
16.9521675 -11 1100
17.0051989 -11 1100
17.060234 -11 1100
17.1133213 -11 1100
17.1663568 -11 1100
17.2415666 -11 1102
17.2946026 -11 1102
17.3476386 -11 1102
17.4007528 -11 1102
17.4577903 -11 1102
17.5109198 -11 1102
17.5641235 -11 1102
17.6171601 -11 1102
17.6782003 -11 1102
17.732237 -11 1102
17.7854509 -11 1104
17.8476572 -11 1104
17.9006932 -11 1104
17.9537281 -11 1104
18.0067641 -11 1104
18.0718971 -11 1104
18.1249325 -11 1104
18.1781824 -11 1104
18.2312993 -11 1104
18.2843354 -11 1104
18.3373702 -11 1104
18.3904866 -11 1104
18.4446174 -11 1104
18.4976529 -11 1104
18.5516895 -11 1104
18.6047461 -11 1104
18.6707885 -11 1104
18.7230018 -11 1104
18.7760384 -11 1105
18.8340817 -11 1105
18.8871132 -11 1105
18.9401469 -11 1105
18.9931846 -11 1105
19.0642315 -11 1105
19.1182671 -11 1105
19.1733854 -11 1105
19.2265195 -11 1105
19.2795555 -11 1103
19.3335922 -11 1103
19.3866282 -11 1103
19.4406683 -11 1103
19.4927778 -11 1103
19.5458127 -11 1103
19.5998528 -11 1103
19.667896 -11 1103
19.7209292 -11 1103
19.7739709 -11 1103
19.8480147 -11 1100
19.9010507 -11 1100
19.9541717 -11 1100
20.0072082 -11 1100
20.0612444 -11 1100
20.1143043 -11 1100
20.1685201 -11 1100
20.2276553 -11 1100
20.2806908 -11 1100
20.3337268 -11 1100
20.3867611 -11 1106
20.4407972 -11 1106
20.4938332 -11 1106
20.5478682 -11 1106
20.6009048 -11 1106
20.6539397 -11 1106
20.7069745 -11 1106
20.7600191 -11 1106
20.8132775 -11 1106
20.8893295 -11 1104
20.9423643 -11 1104
20.9953981 -11 1104
21.0596125 -11 1104
21.1126457 -11 1104
21.1657621 -11 1104
21.2188933 -11 1104
21.2722104 -11 1104
21.325247 -11 1104
21.377304 -11 1105
21.4313402 -11 1105
21.4893795 -11 1105
21.5424144 -11 1105
21.5954504 -11 1105
21.6524885 -11 1105
21.7075253 -11 1105
21.7605596 -11 1105
21.8136989 -11 1105
21.8717376 -10 1108
21.9257738 -10 1108
21.9788092 -10 1108
22.0319285 -10 1108
22.0850426 -10 1108
22.1412517 -10 1108
22.1942866 -10 1108
22.2473226 -10 1108
22.30336 -10 1108
22.3554792 -11 1105
22.4075163 -11 1105
22.4605523 -11 1105
22.5205896 -11 1105
22.5736626 -11 1105
22.6266958 -11 1105
22.679733 -11 1105
22.7330404 -11 1105
22.7871552 -11 1105
22.8562019 -12 1096
22.9132423 -12 1096
22.9662932 -12 1096
23.0213299 -12 1096
23.077368 -12 1096
23.130538 -12 1096
23.1835757 -12 1096
23.2466173 -12 1096
23.2996527 -12 1096
23.3526882 -11 1103
23.405723 -11 1103
23.4707665 -11 1103
23.5238014 -11 1103
23.576838 -11 1103
23.6308741 -11 1103
23.6839905 -11 1103
23.7370265 -11 1103
23.7910632 -11 1103
23.8471879 -11 1107
23.8992221 -11 1107
23.9522593 -11 1107
24.0052941 -11 1107
