0.0070046 0 0 3043
0.0580437 0 0 3043
0.1090783 0 0 3043
0.1601094 0 0 3043
0.2111405 0 0 3043
0.2621733 0 0 3043
0.3132124 0 0 3043
0.3642435 0 0 3043
0.4152809 0 0 3042
0.4663109 0 0 3042
0.5173483 0 0 3042
0.5683783 0 0 3042
0.6194128 0 0 3042
0.6704468 0 0 3042
0.7214824 0 0 3042
0.7725147 0 0 3042
0.8245493 0 0 3042
0.8765839 0 0 3042
0.9276185 0 0 3040
0.978653 0 0 3040
1.0296853 0 0 3040
1.0807187 0 0 3040
1.1327539 0 0 3040
1.1837884 0 0 3040
1.2348224 0 0 3040
1.2858552 0 0 3040
1.3368903 0 0 3040
1.3879243 0 0 3045
1.4389577 0 0 3045
1.4899962 0 0 3045
1.541025 0 0 3045
1.5920595 0 0 3045
1.6430929 0 0 3045
1.6941326 0 0 3045
1.7451632 0 0 3045
1.7961954 0 0 3045
1.8472299 0 0 3045
1.8982628 0 0 3041
1.9492967 0 0 3041
2.0003313 0 0 3041
2.0513664 0 0 3041
2.1024009 0 0 3041
2.1534349 0 0 3041
2.2044671 0 0 3041
2.2555011 0 0 3041
2.3065396 0 0 3041
2.3575696 0 0 3041
2.4086024 0 0 3040
2.4596409 0 0 3040
2.510684 0 0 3040
2.5617049 0 0 3040
2.6127394 0 0 3040
2.6637768 0 0 3040
2.7148085 0 0 3040
2.7658413 0 0 3040
2.8168753 0 0 3040
2.8679309 0 0 3040
2.9189483 0 0 3043
2.9699777 0 0 3043
3.0210106 0 0 3043
3.0720445 0 0 3043
3.1230819 0 0 3043
3.1741124 0 0 3043
3.2251464 0 0 3043
3.2761821 0 0 3043
3.3272195 0 0 3043
3.3782489 0 0 3043
3.4292851 0 0 3043
3.4803162 0 0 3043
3.5313496 0 0 3043
3.5823836 0 0 3043
3.6334176 0 0 3043
3.6844515 0 0 3043
3.7354906 0 0 3043
3.7865206 0 0 3043
3.8375546 0 0 3043
3.8885891 0 0 3040
3.939627 0 0 3040
3.9906553 0 0 3040
4.0466937 0 0 3040
4.0977277 0 0 3040
4.1487617 0 0 3040
4.2007969 0 0 3040
4.2518286 0 0 3040
4.3028631 0 0 3040
4.3539062 0 0 3040
4.404931 0 0 3044
4.4559673 0 0 3044
4.5070001 0 0 3044
4.5580369 0 0 3044
4.6090714 0 0 3044
4.660102 0 0 3044
4.7111348 0 0 3044
4.7621682 0 0 3044
4.8132044 0 0 3044
