0.0290205 0.58 0 0
0.0800544 0.585 0 0
0.131089 0.59 0 0
0.182119 0.595 0 0
0.2331569 0.6 0 0
0.2841909 0.605 0 0
0.3352208 0.61 0 0
0.3862588 0.615 0 0
0.4372922 0.62 0 0
0.4883227 0.625 0 0
0.5393561 0.63 0 0
0.5903912 0.635 0 0
0.6414241 0.64 0 0
0.6924586 0.645 0 0
0.743496 0.65 0 0
0.7945305 0.655 0 0
0.8455639 0.66 0 0
0.8965984 0.665 0 0
0.9476267 0.67 0 0
0.99768 0.675 0 0
1.0487014 0.68 0 0
1.0997331 0.685000000000001 0 0
1.1507625 0.690000000000001 0 0
1.201801 0.695000000000001 0 0
1.2528355 0.700000000000001 0 0
1.3038644 0.705000000000001 0 0
1.3549 0.710000000000001 0 0
1.4049419 0.715000000000001 0 0
1.4559662 0.720000000000001 0 0
1.5070058 0.725000000000001 0 0
1.5580381 0.730000000000001 0 0
1.609072 0.735000000000001 0 0
1.660106 0.740000000000001 0 0
1.711136 0.745000000000001 0 0
1.7621739 0.750000000000001 0 0
1.8132085 0.755000000000001 0 0
1.8642384 0.760000000000001 0 0
1.9152718 0.765000000000001 0 0
1.9663098 0.770000000000001 0 0
2.0173438 0.775000000000001 0 0
2.0683777 0.780000000000001 0 0
2.1194117 0.785000000000001 0 0
2.1704428 0.790000000000001 0 0
2.2204755 0.795000000000001 0 0
2.2705094 0.800000000000001 0 0
2.3215422 0.805000000000001 0 0
2.3725808 0.810000000000001 0 0
2.4236141 0.815000000000001 0 0
2.4746453 0.820000000000001 0 0
2.5246808 0.825000000000001 0 0
2.5757171 0.830000000000001 0 0
2.6267442 0.835000000000001 0 0
2.6767804 0.840000000000001 0 0
2.7268194 0.845000000000001 0 0
2.777855 0.850000000000001 0 0
2.8288844 0.855000000000001 0 0
2.8799155 0.860000000000001 0 0
2.9299466 0.865000000000001 0 0
2.98098 0.870000000000001 0 0
3.0330163 0.875000000000001 0 0
3.0830485 0.880000000000001 0 0
3.1340819 0.885000000000001 0 0
3.1851215 0.890000000000001 0 0
3.2361515 0.895000000000001 0 0
3.2861876 0.900000000000001 0 0
3.3372193 0.905000000000001 0 0
3.3872515 0.910000000000001 0 0
3.4382872 0.915000000000001 0 0
3.4883244 0.920000000000001 0 0
3.5393544 0.925000000000001 0 0
3.5903907 0.930000000000001 0 0
3.6414252 0.935000000000001 0 0
3.6924592 0.940000000000001 0 0
3.7434891 0.945000000000001 0 0
3.7945271 0.950000000000001 0 0
3.8455605 0.955000000000001 0 0
3.8965899 0.960000000000001 0 0
3.9476284 0.965000000000001 0 0
3.998659 0.970000000000001 0 0
4.0496963 0.975000000000001 0 0
4.1007315 0.980000000000001 0 0
4.1517626 0.985000000000001 0 0
4.2027954 0.990000000000001 0 0
4.2528338 0.995000000000001 0 0
4.3038666 1 0 0
4.3549 1.005 0 0
4.4059289 1.01 0 0
4.4559645 1.015 0 0
4.5070007 1.02 0 0
4.5580301 1.025 0 0
4.6080651 1.03 0 0
4.6581013 1.035 0 0
4.7091352 1.04 0 0
4.7601692 1.045 0 0
4.8111997 1.05 0 0
4.8622326 1.055 0 0
4.9122755 1.06 0 0
4.9633078 1.065 0 0
5.0143389 1.07 0 0
5.0653866 1.075 0 0
5.1164011 1.08 0 0
5.1664362 1.085 0 0
5.2164729 1.09 0 0
5.2675028 1.095 0 0
5.3185385 1.1 0 0
5.3695713 1.105 0 0
5.4216065 1.11 0 0
5.4726434 1.115 0 0
5.5236773 1.12 0 0
5.5747113 1.125 0 0
5.6257407 1.13 0 0
5.6767769 1.135 0 0
5.7278098 1.14 0 0
5.7788426 1.145 0 0
5.8288804 1.15 0 0
5.8799116 1.155 0 0
5.9309501 1.16 0 0
5.9819778 1.165 0 0
6.0330123 1.17 0 0
6.0830467 1.175 0 0
6.1340836 1.18 0 0
6.1851152 1.185 0 0
6.2361475 1.19 0 0
6.2861865 1.195 0 0
6.337221 1.2 0 0
6.3882527 1.205 0 0
6.4392838 1.21 0 0
6.4903161 1.215 0 0
6.5413569 1.22 0 0
6.5923852 1.225 0 0
6.6434191 1.23 0 0
6.6934558 1.235 0 0
6.7444904 1.24 0 0
6.796521 1.245 0 0
6.8475544 1.25 0 0
6.8985872 1.255 0 0
6.9486217 1.26 0 0
6.9996579 1.265 0 0
7.0506902 1.26999999999999 0 0
7.1007229 1.27499999999999 0 0
7.1517586 1.27999999999999 0 0
7.2017902 1.28499999999999 0 0
7.2518246 1.28999999999999 0 0
7.3028614 1.29499999999999 0 0
7.3538903 1.29999999999999 0 0
7.4049293 1.30499999999999 0 0
7.4559593 1.30999999999999 0 0
7.5069973 1.31499999999999 0 0
7.5580278 1.31999999999999 0 0
7.6090652 1.32499999999999 0 0
7.6600986 1.32999999999999 0 0
7.7111297 1.33499999999999 0 0
7.7631643 1.33999999999999 0 0
7.8141977 1.34499999999999 0 0
7.8642339 1.34999999999999 0 0
7.9152673 1.35499999999999 0 0
7.9662995 1.35999999999999 0 0
8.0173346 1.36499999999999 0 0
8.0683663 1.36999999999999 0 0
8.1194048 1.37499999999999 0 0
8.1704354 1.37999999999999 0 0
8.2214699 1.38499999999999 0 0
8.2715129 1.38999999999999 0 0
8.3225378 1.39499999999999 0 0
8.37357 1.39999999999999 0 0
8.4246051 1.40499999999999 0 0
8.4756425 1.40999999999999 0 0
8.5266765 1.41499999999999 0 0
8.5777082 1.41999999999999 0 0
8.628745 1.42499999999999 0 0
8.6797784 1.42999999999999 0 0
8.730814 1.43499999999999 0 0
8.781848 1.43999999999999 0 0
8.8328803 1.44499999999999 0 0
8.8839233 1.44999999999999 0 0
8.9349505 1.45499999999999 0 0
8.9859856 1.45999999999999 0 0
9.0370116 1.46499999999999 0 0
9.0870528 1.46999999999999 0 0
9.1380794 1.47499999999999 0 0
9.1891196 1.47999999999999 0 0
9.2401644 1.48499999999999 0 0
9.2911927 1.48999999999999 0 0
9.3422187 1.49499999999999 0 0
9.3932526 1.49999999999999 0 0
9.4442917 1.50499999999999 0 0
9.495324 1.50999999999999 0 0
9.5463511 1.51499999999999 0 0
9.5973868 1.51999999999999 0 0
9.6484185 1.52499999999999 0 0
9.699457 1.52999999999999 0 0
9.7504852 1.53499999999999 0 0
9.8015243 1.53999999999999 0 0
9.8525583 1.54499999999999 0 0
9.9035889 1.54999999999999 0 0
9.9536256 1.55499999999999 0 0
10.004659 1.55999999999999 0 0
10.0546985 1.56499999999999 0 0
10.1057228 1.56999999999999 0 0
10.1557561 1.57499999999999 0 0
10.2067901 1.57999999999999 0 0
10.2568274 1.58499999999999 0 0
10.3078579 1.58999999999999 0 0
10.3579425 1.59499999999999 0 0
10.4089309 1.59999999999999 0 0
10.4599626 1.60499999999999 0 0
10.5109931 1.60999999999999 0 0
10.5620271 1.61499999999999 0 0
10.6130605 1.61999999999999 0 0
10.6631263 1.62499999999999 0 0
10.7141277 1.62999999999999 0 0
10.7661629 1.63499999999999 0 0
10.8172009 1.63999999999999 0 0
10.868232 1.64499999999999 0 0
10.918263 1.64999999999999 0 0
10.9693032 1.65499999999999 0 0
11.0203326 1.65999999999999 0 0
11.07137 1.66499999999999 0 0
11.1223983 1.66999999999999 0 0
11.1724327 1.67499999999999 0 0
11.2234707 1.67999999999999 0 0
11.2745047 1.68499999999999 0 0
11.3255403 1.68999999999999 0 0
11.3765692 1.69499999999999 0 0
11.4276026 1.69999999999999 0 0
11.4776359 1.70499999999999 0 0
11.528671 1.70999999999999 0 0
11.5797049 1.71499999999999 0 0
11.6307377 1.71999999999999 0 0
11.6817763 1.72499999999999 0 0
11.7328102 1.72999999999999 0 0
11.7838425 1.73499999999999 0 0
11.8348747 1.73999999999998 0 0
11.8859121 1.74499999999998 0 0
11.936941 1.74999999999998 0 0
11.9869794 1.75499999999998 0 0
12.0380134 1.75999999999998 0 0
12.0890422 1.76499999999998 0 0
12.1400784 1.76999999999998 0 0
12.190114 1.77499999999998 0 0
12.2411434 1.77999999999998 0 0
12.2921819 1.78499999999998 0 0
12.3432176 1.78999999999998 0 0
12.3942453 1.79499999999998 0 0
12.4442832 1.79999999999998 0 0
12.4953149 1.80499999999998 0 0
12.5463477 1.80999999999998 0 0
12.5963844 1.81499999999998 0 0
12.6474195 1.81999999999998 0 0
12.6984552 1.82499999999998 0 0
12.750483 1.82999999999998 0 0
12.8015169 1.83499999999998 0 0
12.8515502 1.83999999999998 0 0
12.9025848 1.84499999999998 0 0
12.9536176 1.84999999999998 0 0
13.0036589 1.85499999999998 0 0
13.054694 1.85999999999998 0 0
13.1057274 1.86499999999998 0 0
13.1567528 1.86999999999998 0 0
13.2067861 1.87499999999998 0 0
13.2578252 1.87999999999998 0 0
13.3088546 1.88499999999998 0 0
13.3598903 1.88999999999998 0 0
13.4109248 1.89499999999998 0 0
