0.0360224 -0.0132435042566315 8.95553663452059E-06 0.00608094271790978 0 0
0.0890578 -0.0132435042566315 8.95553663452059E-06 0.00608094271790978 0 0
0.1410926 -0.0132435042566315 8.95553663452059E-06 0.00608094271790978 0 0
0.194128 -0.0132435042566315 8.95553663452059E-06 0.00608094271790978 0 0
0.2461627 -0.0132435042566315 8.95553663452059E-06 0.00608094271790978 0 0
0.3192121 -0.0132435042566315 8.95553663452059E-06 0.00608094271790978 0 0
0.3712457 -0.0132435042566315 8.95553663452059E-06 0.00608094271790978 0 0
0.4372915 -0.0132435042566315 8.95553663452059E-06 0.00608094271790978 0 0
0.491327 -0.0132435042566315 8.95553663452059E-06 0.00608094271790978 0 0
0.5453642 -0.0132435042566315 8.95553663452059E-06 0.00608094271790978 0 0
0.6074051 -0.0132435042566315 8.95553663452059E-06 0.00608094271790978 0 0
0.6604405 -0.0132435042566315 8.95553663452059E-06 0.00608094271790978 0 0
0.7244827 -0.0132435042566315 8.95553663452059E-06 0.00608094271790978 0 0
0.7775216 -0.0132435042566315 8.95553663452059E-06 0.00608094271790978 0 0
0.8335556 -0.0132435042566315 8.95553663452059E-06 0.00608094271790978 0 0
0.8855903 -0.0132435042566315 8.95553663452059E-06 0.00608094271790978 0 0
0.9386257 -0.0132435042566315 8.95553663452059E-06 0.00608094271790978 0 0
0.9906616 -0.0132435042566315 8.95553663452059E-06 0.00608094271790978 0 0
1.0446966 -0.0132435042566315 8.95553663452059E-06 0.00608094271790978 0 0
1.0967307 -0.0132435042566315 8.95553663452059E-06 0.00608094271790978 0 0
1.1487666 -0.0132435042566315 8.95553663452059E-06 0.00608094271790978 0 0
1.2088061 -0.0132435042566315 8.95553663452059E-06 0.00608094271790978 0 0
1.2618427 -0.0132435042566315 8.95553663452059E-06 0.00608094271790978 0 0
1.314877 -0.0132435042566315 8.95553663452059E-06 0.00608094271790978 0 0
1.3669106 -0.0132435042566315 8.95553663452059E-06 0.00608094271790978 0 0
1.4189465 -0.0132435042566315 8.95553663452059E-06 0.00608094271790978 0 0
1.4709812 -0.0132435042566315 8.95553663452059E-06 0.00608094271790978 0 0
1.5280187 -0.0132435042566315 8.95553663452059E-06 0.00608094271790978 0 0
1.5810542 -0.0132435042566315 8.95553663452059E-06 0.00608094271790978 0 0
1.6330895 -0.0132435042566315 8.95553663452059E-06 0.00608094271790978 0 0
1.6851231 -0.0132435042566315 8.95553663452059E-06 0.00608094271790978 0 0
1.7371596 -0.0132435042566315 8.95553663452059E-06 0.00608094271790978 0 0
1.7891937 -0.0132435042566315 8.95553663452059E-06 0.00608094271790978 0 0
1.8412273 -0.0132435042566315 8.95553663452059E-06 0.00608094271790978 0 0
1.8942639 -0.0132435042566315 8.95553663452059E-06 0.00608094271790978 0 0
1.9462975 -0.0132435042566315 8.95553663452059E-06 0.00608094271790978 0 0
1.9983323 -0.0132435042566315 8.95553663452059E-06 0.00608094271790978 0 0
2.0503687 -0.0132435042566315 8.95553663452059E-06 0.00608094271790978 0 0
2.103403 -0.0132435042566315 8.95553663452059E-06 0.00608094271790978 0 0
2.1564378 -0.0132435042566315 8.95553663452059E-06 0.00608094271790978 0 0
2.2134771 -0.0132435042566315 8.95553663452059E-06 0.00608094271790978 0 0
2.2655118 -0.0132435042566315 8.95553663452059E-06 0.00608094271790978 0 0
2.3185472 -0.0132435042566315 8.95553663452059E-06 0.00608094271790978 0 0
2.3695808 -0.0132435042566315 8.95553663452059E-06 0.00608094271790978 0 0
2.4366301 -0.0132435042566315 8.95553663452059E-06 0.00608094271790978 0 0
2.4886608 -0.0132435042566315 8.95553663452059E-06 0.00608094271790978 0 0
2.5647122 -0.0132435042566315 8.95553663452059E-06 0.00608094271790978 0 0
2.6287538 -0.0132435042566315 8.95553663452059E-06 0.00608094271790978 0 0
2.6827911 -0.0132435042566315 8.95553663452059E-06 0.00608094271790978 0 0
2.7508359 -0.0132435042566315 8.95553663452059E-06 0.00608094271790978 0 0
2.8028701 -0.0132435042566315 8.95553663452059E-06 0.00608094271790978 0 0
2.8549043 -0.0132435042566315 8.95553663452059E-06 0.00608094271790978 0 0
2.9069402 -0.0132435042566315 8.95553663452059E-06 0.00608094271790978 0 0
2.9609763 -0.0132435042566315 8.95553663452059E-06 0.00608094271790978 0 0
3.0130104 -0.0132435042566315 8.95553663452059E-06 0.00608094271790978 0 0
3.0650446 -0.0132435042566315 8.95553663452059E-06 0.00608094271790978 0 0
3.1180812 -0.0132435042566315 8.95553663452059E-06 0.00608094271790978 0 0
3.1721167 -0.0132435042566315 8.95553663452059E-06 0.00608094271790978 0 0
3.23616 -0.0132435042566315 8.95553663452059E-06 0.00608094271790978 0 0
3.2911962 -0.0132435042566315 8.95553663452059E-06 0.00608094271790978 0 0
3.3532388 -0.0132435042566315 8.95553663452059E-06 0.00608094271790978 0 0
3.4102757 -0.0132435042566315 8.95553663452059E-06 0.00608094271790978 0 0
3.4623116 -0.0132435042566315 8.95553663452059E-06 0.00608094271790978 0 0
3.5143447 -0.0132435042566315 8.95553663452059E-06 0.00608094271790978 0 0
3.5663794 -0.0132435042566315 8.95553663452059E-06 0.00608094271790978 0 0
3.6364279 -0.0132435042566315 8.95553663452059E-06 0.00608094271790978 0 0
3.6884621 -0.0132435042566315 8.95553663452059E-06 0.00608094271790978 0 0
3.7404963 -0.0132435042566315 8.95553663452059E-06 0.00608094271790978 0 0
3.7945323 -0.0132435042566315 8.95553663452059E-06 0.00608094271790978 0 0
3.8465677 -0.0132435042566315 8.95553663452059E-06 0.00608094271790978 0 0
3.898603 -0.0132435042566315 8.95553663452059E-06 0.00608094271790978 0 0
3.9716501 -0.0132435042566315 8.95553663452059E-06 0.00608094271790978 0 0
4.0266885 -0.0132435042566315 8.95553663452059E-06 0.00608094271790978 0 0
4.0797239 -0.0132435042566315 8.95553663452059E-06 0.00608094271790978 0 0
4.1327588 -0.0132435042566315 8.95553663452059E-06 0.00608094271790978 0 0
4.184793 -0.0132435042566315 8.95553663452059E-06 0.00608094271790978 0 0
4.2388296 -0.0132435042566315 8.95553663452059E-06 0.00608094271790978 0 0
4.2908649 -0.0132435042566315 8.95553663452059E-06 0.00608094271790978 0 0
4.3428991 -0.0132435042566315 8.95553663452059E-06 0.00608094271790978 0 0
4.4029392 -0.0132435042566315 8.95553663452059E-06 0.00608094271790978 0 0
4.4549734 -0.0132435042566315 8.95553663452059E-06 0.00608094271790978 0 0
4.5070081 -0.0132435042566315 8.95553663452059E-06 0.00608094271790978 0 0
4.559044 -0.0132435042566315 8.95553663452059E-06 0.00608094271790978 0 0
4.6190847 -0.0132435042566315 8.95553663452059E-06 0.00608094271790978 0 0
4.672119 -0.0132435042566315 8.95553663452059E-06 0.00608094271790978 0 0
4.7241549 -0.0132435042566315 8.95553663452059E-06 0.00608094271790978 0 0
4.7771886 -0.0132435042566315 8.95553663452059E-06 0.00608094271790978 0 0
4.8342284 -0.0132435042566315 8.95553663452059E-06 0.00608094271790978 0 0
4.8862614 -0.0132435042566315 8.95553663452059E-06 0.00608094271790978 0 0
4.939298 -0.0132435042566315 8.95553663452059E-06 0.00608094271790978 0 0
4.992334 -0.0132435042566315 8.95553663452059E-06 0.00608094271790978 0 0
5.0443664 -0.0132435042566315 8.95553663452059E-06 0.00608094271790978 0 0
5.097403 -0.0132435042566315 8.95553663452059E-06 0.00608094271790978 0 0
5.1494417 -0.0132435042566315 8.95553663452059E-06 0.00608094271790978 0 0
5.201473 -0.0132435042566315 8.95553663452059E-06 0.00608094271790978 0 0
5.2545079 -0.0132435042566315 8.95553663452059E-06 0.00608094271790978 0 0
5.3085451 -0.0132435042566315 8.95553663452059E-06 0.00608094271790978 0 0
5.3605787 -0.0132435042566315 8.95553663452059E-06 0.00608094271790978 0 0
5.4136141 -0.0132435042566315 8.95553663452059E-06 0.00608094271790978 0 0
5.4656489 -0.0132435042566315 8.95553663452059E-06 0.00608094271790978 0 0
5.522687 -0.0132435042566315 8.95553663452059E-06 0.00608094271790978 0 0
5.5747206 -0.0132435042566315 8.95553663452059E-06 0.00608094271790978 0 0
5.6267559 -0.0132435042566315 8.95553663452059E-06 0.00608094271790978 0 0
5.679793 -0.0132435042566315 8.95553663452059E-06 0.00608094271790978 0 0
5.7318266 -0.0132435042566315 8.95553663452059E-06 0.00608094271790978 0 0
5.7968701 -0.0132435042566315 8.95553663452059E-06 0.00608094271790978 0 0
5.8489054 -0.0132435042566315 8.95553663452059E-06 0.00608094271790978 0 0
5.900939 -0.0132435042566315 8.95553663452059E-06 0.00608094271790978 0 0
5.9529738 -0.0132435042566315 8.95553663452059E-06 0.00608094271790978 0 0
6.0100119 -0.0132435042566315 8.95553663452059E-06 0.00608094271790978 0 0
6.0620495 -0.0132435042566315 8.95553663452059E-06 0.00608094271790978 0 0
6.1140825 -0.0132435042566315 8.95553663452059E-06 0.00608094271790978 0 0
6.1661172 -0.0132435042566315 8.95553663452059E-06 0.00608094271790978 0 0
6.2241549 -0.0132435042566315 8.95553663452059E-06 0.00608094271790978 0 0
6.2761913 -0.0132435042566315 8.95553663452059E-06 0.00608094271790978 0 0
6.3292267 -0.0132435042566315 8.95553663452059E-06 0.00608094271790978 0 0
6.3812603 -0.0132435042566315 8.95553663452059E-06 0.00608094271790978 0 0
6.4332951 -0.0132435042566315 8.95553663452059E-06 0.00608094271790978 0 0
6.4853298 -0.0132435042566315 8.95553663452059E-06 0.00608094271790978 0 0
6.5373635 -0.0132435042566315 8.95553663452059E-06 0.00608094271790978 0 0
6.5893982 -0.0132435042566315 8.95553663452059E-06 0.00608094271790978 0 0
6.6454368 -0.0132435042566315 8.95553663452059E-06 0.00608094271790978 0 0
6.698471 -0.0132435042566315 8.95553663452059E-06 0.00608094271790978 0 0
6.7505064 -0.0132435042566315 8.95553663452059E-06 0.00608094271790978 0 0
6.8215584 -0.0132435042566315 8.95553663452059E-06 0.00608094271790978 0 0
6.8735886 -0.0132435042566315 8.95553663452059E-06 0.00608094271790978 0 0
6.9256233 -0.0132435042566315 8.95553663452059E-06 0.00608094271790978 0 0
6.9796611 -0.0132435042566315 8.95553663452059E-06 0.00608094271790978 0 0
7.0316941 -0.0132435042566315 8.95553663452059E-06 0.00608094271790978 0 0
7.0837306 -0.0132435042566315 8.95553663452059E-06 0.00608094271790978 0 0
7.1357636 -0.0132435042566315 8.95553663452059E-06 0.00608094271790978 0 0
7.187799 -0.0132435042566315 8.95553663452059E-06 0.00608094271790978 0 0
7.2398331 -0.0132435042566315 8.95553663452059E-06 0.00608094271790978 0 0
7.2918685 -0.0132435042566315 8.95553663452059E-06 0.00608094271790978 0 0
7.3439026 -0.0132435042566315 8.95553663452059E-06 0.00608094271790978 0 0
7.395938 -0.0132435042566315 8.95553663452059E-06 0.00608094271790978 0 0
7.4489739 -0.0132435042566315 8.95553663452059E-06 0.00608094271790978 0 0
7.5010081 -0.0132435042566315 8.95553663452059E-06 0.00608094271790978 0 0
7.5530429 -0.0132435042566315 8.95553663452059E-06 0.00608094271790978 0 0
7.6160855 -0.0132435042566315 8.95553663452059E-06 0.00608094271790978 0 0
7.6681203 -0.0132435042566315 8.95553663452059E-06 0.00608094271790978 0 0
7.7211551 -0.0132435042566315 8.95553663452059E-06 0.00608094271790978 0 0
7.7731905 -0.0132435042566315 8.95553663452059E-06 0.00608094271790978 0 0
7.8302291 -0.0132435042566315 8.95553663452059E-06 0.00608094271790978 0 0
7.8822633 -0.0132435042566315 8.95553663452059E-06 0.00608094271790978 0 0
7.9342963 -0.0132435042566315 8.95553663452059E-06 0.00608094271790978 0 0
7.9873335 -0.0132435042566315 8.95553663452059E-06 0.00608094271790978 0 0
8.0393676 -0.0132435042566315 8.95553663452059E-06 0.00608094271790978 0 0
8.0914018 -0.0132435042566315 8.95553663452059E-06 0.00608094271790978 0 0
8.1434366 -0.0132435042566315 8.95553663452059E-06 0.00608094271790978 0 0
8.1954747 -0.0132435042566315 8.95553663452059E-06 0.00608094271790978 0 0
8.2475061 -0.0132435042566315 8.95553663452059E-06 0.00608094271790978 0 0
8.2995414 -0.0132435042566315 8.95553663452059E-06 0.00608094271790978 0 0
8.3535855 -0.0132435042566315 8.95553663452059E-06 0.00608094271790978 0 0
8.4106161 -0.0132435042566315 8.95553663452059E-06 0.00608094271790978 0 0
8.4676542 -0.0132435042566315 8.95553663452059E-06 0.00608094271790978 0 0
8.5196878 -0.0132435042566315 8.95553663452059E-06 0.00608094271790978 0 0
8.5717226 -0.0132435042566315 8.95553663452059E-06 0.00608094271790978 0 0
8.6237573 -0.0132435042566315 8.95553663452059E-06 0.00608094271790978 0 0
8.6757938 -0.0132435042566315 8.95553663452059E-06 0.00608094271790978 0 0
8.7278274 -0.0132435042566315 8.95553663452059E-06 0.00608094271790978 0 0
8.779861 -0.0132435042566315 8.95553663452059E-06 0.00608094271790978 0 0
8.8399017 -0.0132435042566315 8.95553663452059E-06 0.00608094271790978 0 0
8.8919376 -0.0132435042566315 8.95553663452059E-06 0.00608094271790978 0 0
8.9439706 -0.0132435042566315 8.95553663452059E-06 0.00608094271790978 0 0
8.9960076 -0.0132435042566315 8.95553663452059E-06 0.00608094271790978 0 0
9.0480407 -0.0132435042566315 8.95553663452059E-06 0.00608094271790978 0 0
9.1000771 -0.0132435042566315 8.95553663452059E-06 0.00608094271790978 0 0
9.1521107 -0.0132435042566315 8.95553663452059E-06 0.00608094271790978 0 0
9.2051462 -0.0132435042566315 8.95553663452059E-06 0.00608094271790978 0 0
9.2571809 -0.0132435042566315 8.95553663452059E-06 0.00608094271790978 0 0
9.3092151 -0.0132435042566315 8.95553663452059E-06 0.00608094271790978 0 0
9.3612498 -0.0132435042566315 8.95553663452059E-06 0.00608094271790978 0 0
9.4142852 -0.0132435042566315 8.95553663452059E-06 0.00608094271790978 0 0
9.46632 -0.0132435042566315 8.95553663452059E-06 0.00608094271790978 0 0
9.5183553 -0.0132435042566315 8.95553663452059E-06 0.00608094271790978 0 0
9.5713913 -0.0132435042566315 8.95553663452059E-06 0.00608094271790978 0 0
9.6234266 -0.0132435042566315 8.95553663452059E-06 0.00608094271790978 0 0
9.6754602 -0.0132435042566315 8.95553663452059E-06 0.00608094271790978 0 0
9.7274961 -0.0132435042566315 8.95553663452059E-06 0.00608094271790978 0 0
9.7795292 -0.0132435042566315 8.95553663452059E-06 0.00608094271790978 0 0
9.8315639 -0.0132435042566315 8.95553663452059E-06 0.00608094271790978 0 0
9.8835981 -0.0132435042566315 8.95553663452059E-06 0.00608094271790978 0 0
9.9446394 -0.0132435042566315 8.95553663452059E-06 0.00608094271790978 0 0
10.0056802 -0.0132435042566315 8.95553663452059E-06 0.00608094271790978 0 0
10.0597163 -0.0132435042566315 8.95553663452059E-06 0.00608094271790978 0 0
10.1117516 -0.0132435042566315 8.95553663452059E-06 0.00608094271790978 0 0
10.1637858 -0.0132435042566315 8.95553663452059E-06 0.00608094271790978 0 0
10.2158211 -0.0132435042566315 8.95553663452059E-06 0.00608094271790978 0 0
10.2708578 -0.0132435042566315 8.95553663452059E-06 0.00608094271790978 0 0
10.3228937 -0.0132435042566315 8.95553663452059E-06 0.00608094271790978 0 0
10.3749273 -0.0132435042566315 8.95553663452059E-06 0.00608094271790978 0 0
10.4279628 -0.0132435042566315 8.95553663452059E-06 0.00608094271790978 0 0
10.4819988 -0.0132435042566315 8.95553663452059E-06 0.00608094271790978 0 0
10.5340325 -0.0132435042566315 8.95553663452059E-06 0.00608094271790978 0 0
10.5860683 -0.0132435042566315 8.95553663452059E-06 0.00608094271790978 0 0
10.6381025 -0.0132435042566315 8.95553663452059E-06 0.00608094271790978 0 0
10.6901373 -0.0132435042566315 8.95553663452059E-06 0.00608094271790978 0 0
10.742172 -0.0132435042566315 8.95553663452059E-06 0.00608094271790978 0 0
10.7942068 -0.0132435042566315 8.95553663452059E-06 0.00608094271790978 0 0
10.8462421 -0.0132435042566315 8.95553663452059E-06 0.00608094271790978 0 0
10.8982763 -0.0132435042566315 8.95553663452059E-06 0.00608094271790978 0 0
10.9503127 -0.0132435042566315 8.95553663452059E-06 0.00608094271790978 0 0
11.0023452 -0.0132435042566315 8.95553663452059E-06 0.00608094271790978 0 0
11.0543805 -0.0132435042566315 8.95553663452059E-06 0.00608094271790978 0 0
11.1064158 -0.0132435042566315 8.95553663452059E-06 0.00608094271790978 0 0
11.1584512 -0.0132435042566315 8.95553663452059E-06 0.00608094271790978 0 0
11.2104859 -0.0132435042566315 8.95553663452059E-06 0.00608094271790978 0 0
11.2785302 -0.0132435042566315 8.95553663452059E-06 0.00608094271790978 0 0
11.3325663 -0.0132435042566315 8.95553663452059E-06 0.00608094271790978 0 0
11.3856034 -0.0132435042566315 8.95553663452059E-06 0.00608094271790978 0 0
11.4486444 -0.0132435042566315 8.95553663452059E-06 0.00608094271790978 0 0
11.5016804 -0.0132435042566315 8.95553663452059E-06 0.00608094271790978 0 0
11.5537145 -0.0132435042566315 8.95553663452059E-06 0.00608094271790978 0 0
11.6057499 -0.0132435042566315 8.95553663452059E-06 0.00608094271790978 0 0
11.657784 -0.0132435042566315 8.95553663452059E-06 0.00608094271790978 0 0
11.7098176 -0.0132435042566315 8.95553663452059E-06 0.00608094271790978 0 0
11.7628531 -0.0132435042566315 8.95553663452059E-06 0.00608094271790978 0 0
11.8158891 -0.0132435042566315 8.95553663452059E-06 0.00608094271790978 0 0
11.8739284 -0.0132435042566315 8.95553663452059E-06 0.00608094271790978 0 0
11.9369699 -0.0132435042566315 8.95553663452059E-06 0.00608094271790978 0 0
11.9890047 -0.0132435042566315 8.95553663452059E-06 0.00608094271790978 0 0
12.0410394 -0.0132435042566315 8.95553663452059E-06 0.00608094271790978 0 0
12.0930759 -0.0132435042566315 8.95553663452059E-06 0.00608094271790978 0 0
12.1561157 -0.0132435042566315 8.95553663452059E-06 0.00608094271790978 0 0
12.2091528 -0.0132435042566315 8.95553663452059E-06 0.00608094271790978 0 0
12.2611876 -0.0132435042566315 8.95553663452059E-06 0.00608094271790978 0 0
12.3132223 -0.0132435042566315 8.95553663452059E-06 0.00608094271790978 0 0
12.3672578 -0.0132435042566315 8.95553663452059E-06 0.00608094271790978 0 0
12.4252972 -0.0132435042566315 8.95553663452059E-06 0.00608094271790978 0 0
12.4783314 -0.0132435042566315 8.95553663452059E-06 0.00608094271790978 0 0
12.5303662 -0.0132435042566315 8.95553663452059E-06 0.00608094271790978 0 0
12.5844023 -0.0132435042566315 8.95553663452059E-06 0.00608094271790978 0 0
12.6374377 -0.0132435042566315 8.95553663452059E-06 0.00608094271790978 0 0
12.6964771 -0.0132435042566315 8.95553663452059E-06 0.00608094271790978 0 0
12.7505143 -0.0132435042566315 8.95553663452059E-06 0.00608094271790978 0 0
12.8115545 -0.0132435042566315 8.95553663452059E-06 0.00608094271790978 0 0
12.8635887 -0.0132435042566315 8.95553663452059E-06 0.00608094271790978 0 0
12.9186306 -0.0132435042566315 8.95553663452059E-06 0.00608094271790978 0 0
12.9706602 -0.0132435042566315 8.95553663452059E-06 0.00608094271790978 0 0
13.0287001 -0.0132435042566315 8.95553663452059E-06 0.00608094271790978 0 0
13.0807337 -0.0132435042566315 8.95553663452059E-06 0.00608094271790978 0 0
13.1347727 -0.0132435042566315 8.95553663452059E-06 0.00608094271790978 0 0
13.1868051 -0.0132435042566315 8.95553663452059E-06 0.00608094271790978 0 0
13.2388393 -0.0132435042566315 8.95553663452059E-06 0.00608094271790978 0 0
13.2918753 -0.0132435042566315 8.95553663452059E-06 0.00608094271790978 0 0
13.3439095 -0.0132435042566315 8.95553663452059E-06 0.00608094271790978 0 0
13.3959442 -0.0132435042566315 8.95553663452059E-06 0.00608094271790978 0 0
13.447979 -0.0132435042566315 8.95553663452059E-06 0.00608094271790978 0 0
13.5140236 -0.0132435042566315 8.95553663452059E-06 0.00608094271790978 0 0
13.5680597 -0.0132435042566315 8.95553663452059E-06 0.00608094271790978 0 0
13.6210952 -0.0132435042566315 8.95553663452059E-06 0.00608094271790978 0 0
13.6731305 -0.0132435042566315 8.95553663452059E-06 0.00608094271790978 0 0
13.7251641 -0.0132435042566315 8.95553663452059E-06 0.00608094271790978 0 0
13.7772 -0.0132435042566315 8.95553663452059E-06 0.00608094271790978 0 0
13.8322373 -0.0132435042566315 8.95553663452059E-06 0.00608094271790978 0 0
13.8852721 -0.0132435042566315 8.95553663452059E-06 0.00608094271790978 0 0
13.9413084 -0.0132435042566315 8.95553663452059E-06 0.00608094271790978 0 0
13.9943438 -0.0132435042566315 8.95553663452059E-06 0.00608094271790978 0 0
14.0483811 -0.0132435042566315 8.95553663452059E-06 0.00608094271790978 0 0
14.1004152 -0.0132435042566315 8.95553663452059E-06 0.00608094271790978 0 0
14.1524506 -0.0132435042566315 8.95553663452059E-06 0.00608094271790978 0 0
14.2044847 -0.0132435042566315 8.95553663452059E-06 0.00608094271790978 0 0
14.2585203 -0.0132435042566315 8.95553663452059E-06 0.00608094271790978 0 0
14.3115562 -0.0132435042566315 8.95553663452059E-06 0.00608094271790978 0 0
14.3645917 -0.0132435042566315 8.95553663452059E-06 0.00608094271790978 0 0
14.4166276 -0.0132435042566315 8.95553663452059E-06 0.00608094271790978 0 0
14.4686617 -0.0132435042566315 8.95553663452059E-06 0.00608094271790978 0 0
14.5357059 -0.0132435042566315 8.95553663452059E-06 0.00608094271790978 0 0
14.5887408 -0.0132435042566315 8.95553663452059E-06 0.00608094271790978 0 0
14.6447793 -0.0132435042566315 8.95553663452059E-06 0.00608094271790978 0 0
14.6978142 -0.0132435042566315 8.95553663452059E-06 0.00608094271790978 0 0
14.7498507 -0.0132435042566315 8.95553663452059E-06 0.00608094271790978 0 0
14.8078866 -0.0132435042566315 8.95553663452059E-06 0.00608094271790978 0 0
14.8599213 -0.0132435042566315 8.95553663452059E-06 0.00608094271790978 0 0
14.9129584 -0.0132435042566315 8.95553663452059E-06 0.00608094271790978 0 0
14.964992 -0.0132435042566315 8.95553663452059E-06 0.00608094271790978 0 0
15.0250327 -0.0132435042566315 8.95553663452059E-06 0.00608094271790978 0 0
15.0770663 -0.0132435042566315 8.95553663452059E-06 0.00608094271790978 0 0
15.1351056 -0.0132435042566315 8.95553663452059E-06 0.00608094271790978 0 0
15.1871398 -0.0132435042566315 8.95553663452059E-06 0.00608094271790978 0 0
15.2421772 -0.0132435042566315 8.95553663452059E-06 0.00608094271790978 0 0
15.2952126 -0.0132435042566315 8.95553663452059E-06 0.00608094271790978 0 0
15.3472479 -0.0132435042566315 8.95553663452059E-06 0.00608094271790978 0 0
15.3992821 -0.0132435042566315 8.95553663452059E-06 0.00608094271790978 0 0
15.4513162 -0.0132435042566315 8.95553663452059E-06 0.00608094271790978 0 0
15.5033516 -0.0132435042566315 8.95553663452059E-06 0.00608094271790978 0 0
15.5553857 -0.0132435042566315 8.95553663452059E-06 0.00608094271790978 0 0
15.6084223 -0.0132435042566315 8.95553663452059E-06 0.00608094271790978 0 0
15.6614577 -0.0132435042566315 8.95553663452059E-06 0.00608094271790978 0 0
15.7144931 -0.0132435042566315 8.95553663452059E-06 0.00608094271790978 0 0
15.767528 -0.0132435042566315 8.95553663452059E-06 0.00608094271790978 0 0
15.8195627 -0.0132435042566315 8.95553663452059E-06 0.00608094271790978 0 0
15.8736 -0.0132435042566315 8.95553663452059E-06 0.00608094271790978 0 0
15.9276349 -0.0132435042566315 8.95553663452059E-06 0.00608094271790978 0 0
15.9796697 -0.0132435042566315 8.95553663452059E-06 0.00608094271790978 0 0
16.0317044 -0.0132435042566315 8.95553663452059E-06 0.00608094271790978 0 0
16.0837397 -0.0132435042566315 8.95553663452059E-06 0.00608094271790978 0 0
16.1367757 -0.0132435042566315 8.95553663452059E-06 0.00608094271790978 0 0
16.1888093 -0.0132435042566315 8.95553663452059E-06 0.00608094271790978 0 0
16.2408441 -0.0132435042566315 8.95553663452059E-06 0.00608094271790978 0 0
16.2938801 -0.0132435042566315 8.95553663452059E-06 0.00608094271790978 0 0
16.3529189 -0.0132435042566315 8.95553663452059E-06 0.00608094271790978 0 0
16.4049537 -0.0132435042566315 8.95553663452059E-06 0.00608094271790978 0 0
16.4569878 -0.0132435042566315 8.95553663452059E-06 0.00608094271790978 0 0
16.5090232 -0.0132435042566315 8.95553663452059E-06 0.00608094271790978 0 0
16.5650612 -0.0132435042566315 8.95553663452059E-06 0.00608094271790978 0 0
16.6180971 -0.0132435042566315 8.95553663452059E-06 0.00608094271790978 0 0
16.6701313 -0.0132435042566315 8.95553663452059E-06 0.00608094271790978 0 0
16.7221655 -0.0132435042566315 8.95553663452059E-06 0.00608094271790978 0 0
16.7742014 -0.0132435042566315 8.95553663452059E-06 0.00608094271790978 0 0
16.8272357 -0.0132435042566315 8.95553663452059E-06 0.00608094271790978 0 0
16.8792716 -0.0132435042566315 8.95553663452059E-06 0.00608094271790978 0 0
16.9313052 -0.0132435042566315 8.95553663452059E-06 0.00608094271790978 0 0
16.9833393 -0.0132435042566315 8.95553663452059E-06 0.00608094271790978 0 0
17.0363753 -0.0132435042566315 8.95553663452059E-06 0.00608094271790978 0 0
17.0884101 -0.0132435042566315 8.95553663452059E-06 0.00608094271790978 0 0
17.1444481 -0.0132435042566315 8.95553663452059E-06 0.00608094271790978 0 0
17.2024868 -0.0132435042566315 8.95553663452059E-06 0.00608094271790978 0 0
17.2585242 -0.0132435042566315 8.95553663452059E-06 0.00608094271790978 0 0
17.3115591 -0.0132435042566315 8.95553663452059E-06 0.00608094271790978 0 0
17.3685983 -0.0132435042566315 8.95553663452059E-06 0.00608094271790978 0 0
17.4246352 -0.0132435042566315 8.95553663452059E-06 0.00608094271790978 0 0
17.4776695 -0.0132435042566315 8.95553663452059E-06 0.00608094271790978 0 0
17.5307049 -0.0132435042566315 8.95553663452059E-06 0.00608094271790978 0 0
17.583742 -0.00441413867828303 6.26470647529212E-05 0.00608094271790978 0.008829528826405 0.008829528826405
17.6367763 -0.00441413867828303 6.26470647529212E-05 0.00608094271790978 0 0
17.6898128 0.0309033236351109 -0.000152119047720681 -0.00608094271790977 0.0382612915810883 0.0323749390301517
17.7448485 0.07798630832906 -0.00101114114297891 -0.0182428281537294 0.0500339966829617 0.044147644132025
17.8088912 0.07798630832906 -0.00101114114297891 -0.0182428281537294 0 0
17.8639285 0.129476657368735 -0.00226382765378216 -0.0243237708716391 0.05297717295843 0.0500339966829617
17.916964 0.129476657368735 -0.00226382765378216 -0.0243237708716391 0 0
17.979006 0.182418572549833 -0.00419630575840731 -0.0364856563074586 0.0559203492338983 0.0500339966829617
18.0320397 0.182418572549833 -0.00419630575840731 -0.0364856563074586 0 0
18.0850774 0.236818012820688 -0.00651330449054856 -0.0425665990253684 0.0559203492338983 0.05297717295843
18.1381105 0.236818012820688 -0.00651330449054856 -0.0425665990253684 0 0
18.1911471 0.292687708234 -0.00889292481004498 -0.0425665990253684 0.0559203492338983 0.0559203492338983
18.2471839 0.350011747596966 -0.0116838003684593 -0.0486475417432782 0.0588635255093666 0.0559203492338983
18.3002193 0.350011747596966 -0.0116838003684593 -0.0486475417432782 0 0
18.3532553 0.350011747596966 -0.0116838003684593 -0.0486475417432782 0 0
18.4062902 0.411704210599171 -0.015439914616056 -0.0608094271790978 0.0647498780603033 0.0588635255093666
18.4573248 0.471904395216524 -0.0194727437526828 -0.0668903698970075 0.061806701784835 0.0588635255093666
18.5113609 0.471904395216524 -0.0194727437526828 -0.0668903698970075 0 0
18.5633951 0.532020996649242 -0.0246030625525565 -0.0851331980507369 0.0647498780603033 0.0559203492338983
18.6274378 0.596464644434605 -0.0308929726425454 -0.0972950834865565 0.0676930543357716 0.061806701784835
18.6804738 0.596464644434605 -0.0308929726425454 -0.0972950834865565 0 0
18.7395127 0.596464644434605 -0.0308929726425454 -0.0972950834865565 0 0
18.7945506 0.663752594048339 -0.0382876627702942 -0.109456968922376 0.07063623061124 0.0647498780603033
18.8465842 0.730945636236911 -0.0465001341858005 -0.121618854358196 0.07063623061124 0.0647498780603033
18.8986189 0.730945636236911 -0.0465001341858005 -0.121618854358196 0 0
18.9506531 0.730945636236911 -0.0465001341858005 -0.121618854358196 0 0
19.0146982 0.796520468888869 -0.0557318137775872 -0.139861682511925 0.07063623061124 0.061806701784835
19.0677319 0.857723646030698 -0.0643480480632548 -0.139861682511925 0.061806701784835 0.061806701784835
19.1217685 0.857723646030698 -0.0643480480632548 -0.139861682511925 0 0
19.1748028 0.910089815003011 -0.0723708407086222 -0.152023567947744 0.0559203492338983 0.0500339966829617
19.2268381 0.910089815003011 -0.0723708407086222 -0.152023567947744 0 0
19.2798741 0.93192897609576 -0.0755809284592834 -0.145942625229835 0.0206022339282783 0.0235454102037467
19.3399136 0.93192897609576 -0.0755809284592834 -0.145942625229835 0 0
19.412963 0.93192897609576 -0.0755809284592834 -0.145942625229835 0 0
19.465999 0.93192897609576 -0.0755809284592834 -0.145942625229835 0 0
19.5200334 0.93192897609576 -0.0755809284592834 -0.145942625229835 0 0
19.5730699 0.93192897609576 -0.0755809284592834 -0.145942625229835 0 0
19.6261059 0.93192897609576 -0.0755809284592834 -0.145942625229835 0 0
19.6791419 0.93192897609576 -0.0755809284592834 -0.145942625229835 0 0
19.7311744 0.93192897609576 -0.0755809284592834 -0.145942625229835 0 0
19.785211 0.93192897609576 -0.0755809284592834 -0.145942625229835 0 0
19.8462529 0.93192897609576 -0.0755809284592834 -0.145942625229835 0 0
19.8992883 0.93192897609576 -0.0755809284592834 -0.145942625229835 0 0
19.9513225 0.93192897609576 -0.0755809284592834 -0.145942625229835 0 0
20.0203681 0.93192897609576 -0.0755809284592834 -0.145942625229835 0 0
20.073404 0.93192897609576 -0.0755809284592834 -0.145942625229835 0 0
20.1274401 0.93192897609576 -0.0755809284592834 -0.145942625229835 0 0
20.1824769 0.93192897609576 -0.0755809284592834 -0.145942625229835 0 0
20.2555251 0.93192897609576 -0.0755809284592834 -0.145942625229835 0 0
20.3085634 0.93192897609576 -0.0755809284592834 -0.145942625229835 0 0
20.3625966 0.93192897609576 -0.0755809284592834 -0.145942625229835 0 0
20.4326445 0.93192897609576 -0.0755809284592834 -0.145942625229835 0 0
20.4856788 0.93192897609576 -0.0755809284592834 -0.145942625229835 0 0
20.5387148 0.93192897609576 -0.0755809284592834 -0.145942625229835 0 0
20.5917565 0.93192897609576 -0.0755809284592834 -0.145942625229835 0 0
20.6447856 0.93192897609576 -0.0755809284592834 -0.145942625229835 0 0
20.6978222 0.93192897609576 -0.0755809284592834 -0.145942625229835 0 0
20.7508553 0.93192897609576 -0.0755809284592834 -0.145942625229835 0 0
20.8148992 0.93192897609576 -0.0755809284592834 -0.145942625229835 0 0
20.8709361 0.93192897609576 -0.0755809284592834 -0.145942625229835 0 0
20.9299766 0.93192897609576 -0.0755809284592834 -0.145942625229835 0 0
20.9830103 0.93192897609576 -0.0755809284592834 -0.145942625229835 0 0
21.0500568 0.93192897609576 -0.0755809284592834 -0.145942625229835 0 0
21.1030911 0.93192897609576 -0.0755809284592834 -0.145942625229835 0 0
21.1551276 0.93192897609576 -0.0755809284592834 -0.145942625229835 0 0
21.217169 0.93192897609576 -0.0755809284592834 -0.145942625229835 0 0
21.2712034 0.93192897609576 -0.0755809284592834 -0.145942625229835 0 0
21.3252452 0.93192897609576 -0.0755809284592834 -0.145942625229835 0 0
21.3782754 0.93192897609576 -0.0755809284592834 -0.145942625229835 0 0
21.450323 0.93192897609576 -0.0755809284592834 -0.145942625229835 0 0
21.506361 0.93192897609576 -0.0755809284592834 -0.145942625229835 0 0
21.5613972 0.93192897609576 -0.0755809284592834 -0.145942625229835 0 0
21.6364473 0.93192897609576 -0.0755809284592834 -0.145942625229835 0 0
21.6914852 0.93192897609576 -0.0755809284592834 -0.145942625229835 0 0
21.7455207 0.93192897609576 -0.0755809284592834 -0.145942625229835 0 0
21.8115648 0.93192897609576 -0.0755809284592834 -0.145942625229835 0 0
21.8645996 0.93192897609576 -0.0755809284592834 -0.145942625229835 0 0
21.9186357 0.93192897609576 -0.0755809284592834 -0.145942625229835 0 0
21.9716717 0.93192897609576 -0.0755809284592834 -0.145942625229835 0 0
22.0517246 0.93192897609576 -0.0755809284592834 -0.145942625229835 0 0
22.1047595 0.93192897609576 -0.0755809284592834 -0.145942625229835 0 0
22.1577966 0.93192897609576 -0.0755809284592834 -0.145942625229835 0 0
22.219838 0.93192897609576 -0.0755809284592834 -0.145942625229835 0 0
22.2728729 0.93192897609576 -0.0755809284592834 -0.145942625229835 0 0
22.3259077 0.93192897609576 -0.0755809284592834 -0.145942625229835 0 0
22.3789431 0.93192897609576 -0.0755809284592834 -0.145942625229835 0 0
22.4319785 0.93192897609576 -0.0755809284592834 -0.145942625229835 0 0
22.4860152 0.93192897609576 -0.0755809284592834 -0.145942625229835 0 0
22.53905 0.93192897609576 -0.0755809284592834 -0.145942625229835 0 0
22.5920855 0.93192897609576 -0.0755809284592834 -0.145942625229835 0 0
22.6441208 0.93192897609576 -0.0755809284592834 -0.145942625229835 0 0
22.6971556 0.93192897609576 -0.0755809284592834 -0.145942625229835 0 0
22.750191 0.93192897609576 -0.0755809284592834 -0.145942625229835 0 0
22.8032265 0.93192897609576 -0.0755809284592834 -0.145942625229835 0 0
22.8562619 0.93192897609576 -0.0755809284592834 -0.145942625229835 0 0
22.9092973 0.93192897609576 -0.0755809284592834 -0.145942625229835 0 0
22.9613321 0.93192897609576 -0.0755809284592834 -0.145942625229835 0 0
23.0153698 0.93192897609576 -0.0755809284592834 -0.145942625229835 0 0
23.0674029 0.93192897609576 -0.0755809284592834 -0.145942625229835 0 0
23.1214395 0.93192897609576 -0.0755809284592834 -0.145942625229835 0 0
23.1744755 0.93192897609576 -0.0755809284592834 -0.145942625229835 0 0
23.2385177 0.93192897609576 -0.0755809284592834 -0.145942625229835 0 0
23.2915526 0.93192897609576 -0.0755809284592834 -0.145942625229835 0 0
23.3435873 0.93192897609576 -0.0755809284592834 -0.145942625229835 0 0
23.40663 0.93192897609576 -0.0755809284592834 -0.145942625229835 0 0
23.4676702 0.93192897609576 -0.0755809284592834 -0.145942625229835 0 0
23.5237184 0.93192897609576 -0.0755809284592834 -0.145942625229835 0 0
23.5757424 0.93192897609576 -0.0755809284592834 -0.145942625229835 0 0
23.6327804 0.93192897609576 -0.0755809284592834 -0.145942625229835 0 0
23.6848146 0.93192897609576 -0.0755809284592834 -0.145942625229835 0 0
23.7388524 0.93192897609576 -0.0755809284592834 -0.145942625229835 0 0
23.7918873 0.93192897609576 -0.0755809284592834 -0.145942625229835 0 0
23.8449233 0.93192897609576 -0.0755809284592834 -0.145942625229835 0 0
23.8979581 0.93192897609576 -0.0755809284592834 -0.145942625229835 0 0
23.9519936 0.93192897609576 -0.0755809284592834 -0.145942625229835 0 0
24.0050285 0.93192897609576 -0.0755809284592834 -0.145942625229835 0 0
24.0590657 0.93192897609576 -0.0755809284592834 -0.145942625229835 0 0
24.111101 0.93192897609576 -0.0755809284592834 -0.145942625229835 0 0
24.1641359 0.93192897609576 -0.0755809284592834 -0.145942625229835 0 0
24.2171707 0.93192897609576 -0.0755809284592834 -0.145942625229835 0 0
24.278212 0.93192897609576 -0.0755809284592834 -0.145942625229835 0 0
24.3302468 0.93192897609576 -0.0755809284592834 -0.145942625229835 0 0
24.382281 0.93192897609576 -0.0755809284592834 -0.145942625229835 0 0
24.4363171 0.93192897609576 -0.0755809284592834 -0.145942625229835 0 0
24.4973578 0.93192897609576 -0.0755809284592834 -0.145942625229835 0 0
24.5503938 0.93192897609576 -0.0755809284592834 -0.145942625229835 0 0
24.6034309 0.93192897609576 -0.0755809284592834 -0.145942625229835 0 0
24.6564652 0.93192897609576 -0.0755809284592834 -0.145942625229835 0 0
24.7145034 0.93192897609576 -0.0755809284592834 -0.145942625229835 0 0
24.7675382 0.93192897609576 -0.0755809284592834 -0.145942625229835 0 0
24.822575 0.93192897609576 -0.0755809284592834 -0.145942625229835 0 0
24.8836158 0.93192897609576 -0.0755809284592834 -0.145942625229835 0 0
24.9386542 0.93192897609576 -0.0755809284592834 -0.145942625229835 0 0
24.9926886 0.93192897609576 -0.0755809284592834 -0.145942625229835 0 0
25.0467247 0.93192897609576 -0.0755809284592834 -0.145942625229835 0 0
25.0997601 0.93192897609576 -0.0755809284592834 -0.145942625229835 0 0
25.1537968 0.93192897609576 -0.0755809284592834 -0.145942625229835 0 0
25.2328496 0.93192897609576 -0.0755809284592834 -0.145942625229835 0 0
25.297893 0.93192897609576 -0.0755809284592834 -0.145942625229835 0 0
25.3509284 0.93192897609576 -0.0755809284592834 -0.145942625229835 0 0
25.4049645 0.93192897609576 -0.0755809284592834 -0.145942625229835 0 0
25.4579988 0.93192897609576 -0.0755809284592834 -0.145942625229835 0 0
25.5110348 0.93192897609576 -0.0755809284592834 -0.145942625229835 0 0
25.5660715 0.93192897609576 -0.0755809284592834 -0.145942625229835 0 0
25.6191081 0.93192897609576 -0.0755809284592834 -0.145942625229835 0 0
25.6711428 0.93192897609576 -0.0755809284592834 -0.145942625229835 0 0
25.7251795 0.93192897609576 -0.0755809284592834 -0.145942625229835 0 0
25.7782149 0.93192897609576 -0.0755809284592834 -0.145942625229835 0 0
25.8312486 0.93192897609576 -0.0755809284592834 -0.145942625229835 0 0
25.8842834 0.93192897609576 -0.0755809284592834 -0.145942625229835 0 0
25.9373194 0.93192897609576 -0.0755809284592834 -0.145942625229835 0 0
25.9903549 0.93192897609576 -0.0755809284592834 -0.145942625229835 0 0
26.0433897 0.93192897609576 -0.0755809284592834 -0.145942625229835 0 0
26.1074325 0.93192897609576 -0.0755809284592834 -0.145942625229835 0 0
26.1604685 0.93192897609576 -0.0755809284592834 -0.145942625229835 0 0
26.2135039 0.93192897609576 -0.0755809284592834 -0.145942625229835 0 0
26.2675394 0.93192897609576 -0.0755809284592834 -0.145942625229835 0 0
26.3205754 0.93192897609576 -0.0755809284592834 -0.145942625229835 0 0
26.3726096 0.93192897609576 -0.0755809284592834 -0.145942625229835 0 0
26.4256461 0.93192897609576 -0.0755809284592834 -0.145942625229835 0 0
26.4886888 0.93192897609576 -0.0755809284592834 -0.145942625229835 0 0
26.540723 0.93192897609576 -0.0755809284592834 -0.145942625229835 0 0
26.5927577 0.93192897609576 -0.0755809284592834 -0.145942625229835 0 0
26.6477945 0.93192897609576 -0.0755809284592834 -0.145942625229835 0 0
26.70183 0.93192897609576 -0.0755809284592834 -0.145942625229835 0 0
26.7538653 0.93192897609576 -0.0755809284592834 -0.145942625229835 0 0
26.8089015 0.93192897609576 -0.0755809284592834 -0.145942625229835 0 0
26.8629387 0.93192897609576 -0.0755809284592834 -0.145942625229835 0 0
26.9199762 0.93192897609576 -0.0755809284592834 -0.145942625229835 0 0
26.9730122 0.93192897609576 -0.0755809284592834 -0.145942625229835 0 0
27.0250458 0.93192897609576 -0.0755809284592834 -0.145942625229835 0 0
27.0810838 0.93192897609576 -0.0755809284592834 -0.145942625229835 0 0
27.1341187 0.93192897609576 -0.0755809284592834 -0.145942625229835 0 0
27.1871541 0.93192897609576 -0.0755809284592834 -0.145942625229835 0 0
27.2421925 0.93192897609576 -0.0755809284592834 -0.145942625229835 0 0
27.2952274 0.93192897609576 -0.0755809284592834 -0.145942625229835 0 0
27.3482622 0.93192897609576 -0.0755809284592834 -0.145942625229835 0 0
27.4012971 0.93192897609576 -0.0755809284592834 -0.145942625229835 0 0
27.4543319 0.93192897609576 -0.0755809284592834 -0.145942625229835 0 0
27.5073685 0.93192897609576 -0.0755809284592834 -0.145942625229835 0 0
27.5604028 0.93192897609576 -0.0755809284592834 -0.145942625229835 0 0
27.6134388 0.93192897609576 -0.0755809284592834 -0.145942625229835 0 0
27.6674748 0.93192897609576 -0.0755809284592834 -0.145942625229835 0 0
27.7355214 0.93192897609576 -0.0755809284592834 -0.145942625229835 0 0
27.7885568 0.93192897609576 -0.0755809284592834 -0.145942625229835 0 0
27.8405922 0.93192897609576 -0.0755809284592834 -0.145942625229835 0 0
27.8926252 0.93192897609576 -0.0755809284592834 -0.145942625229835 0 0
27.9486632 0.93192897609576 -0.0755809284592834 -0.145942625229835 0 0
28.0016986 0.93192897609576 -0.0755809284592834 -0.145942625229835 0 0
28.0547335 0.93192897609576 -0.0755809284592834 -0.145942625229835 0 0
28.1077694 0.93192897609576 -0.0755809284592834 -0.145942625229835 0 0
28.1608049 0.93192897609576 -0.0755809284592834 -0.145942625229835 0 0
28.2138403 0.93192897609576 -0.0755809284592834 -0.145942625229835 0 0
28.2668763 0.93192897609576 -0.0755809284592834 -0.145942625229835 0 0
28.3199111 0.93192897609576 -0.0755809284592834 -0.145942625229835 0 0
28.3719464 0.93192897609576 -0.0755809284592834 -0.145942625229835 0 0
28.4249807 0.93192897609576 -0.0755809284592834 -0.145942625229835 0 0
28.4780156 0.93192897609576 -0.0755809284592834 -0.145942625229835 0 0
28.5300503 0.93192897609576 -0.0755809284592834 -0.145942625229835 0 0
28.584087 0.93192897609576 -0.0755809284592834 -0.145942625229835 0 0
28.6371218 0.93192897609576 -0.0755809284592834 -0.145942625229835 0 0
28.6891566 0.93192897609576 -0.0755809284592834 -0.145942625229835 0 0
28.7502002 0.93192897609576 -0.0755809284592834 -0.145942625229835 0 0
28.8062353 0.93192897609576 -0.0755809284592834 -0.145942625229835 0 0
28.8592702 0.93192897609576 -0.0755809284592834 -0.145942625229835 0 0
28.9133068 0.93192897609576 -0.0755809284592834 -0.145942625229835 0 0
28.9663428 0.93192897609576 -0.0755809284592834 -0.145942625229835 0 0
29.0193788 0.93192897609576 -0.0755809284592834 -0.145942625229835 0 0
29.0714124 0.93192897609576 -0.0755809284592834 -0.145942625229835 0 0
29.1234483 0.93192897609576 -0.0755809284592834 -0.145942625229835 0 0
29.1854886 0.93192897609576 -0.0755809284592834 -0.145942625229835 0 0
29.2385246 0.93192897609576 -0.0755809284592834 -0.145942625229835 0 0
29.2905599 0.93192897609576 -0.0755809284592834 -0.145942625229835 0 0
29.3425963 0.93192897609576 -0.0755809284592834 -0.145942625229835 0 0
29.3966313 0.93192897609576 -0.0755809284592834 -0.145942625229835 0 0
29.449665 0.93192897609576 -0.0755809284592834 -0.145942625229835 0 0
29.502701 0.93192897609576 -0.0755809284592834 -0.145942625229835 0 0
29.5607409 0.93192897609576 -0.0755809284592834 -0.145942625229835 0 0
29.6127756 0.93192897609576 -0.0755809284592834 -0.145942625229835 0 0
29.66681 0.93192897609576 -0.0755809284592834 -0.145942625229835 0 0
29.7188442 0.93192897609576 -0.0755809284592834 -0.145942625229835 0 0
29.7718796 0.93192897609576 -0.0755809284592834 -0.145942625229835 0 0
29.8249167 0.93192897609576 -0.0755809284592834 -0.145942625229835 0 0
29.8769509 0.93192897609576 -0.0755809284592834 -0.145942625229835 0 0
29.9299863 0.93192897609576 -0.0755809284592834 -0.145942625229835 0 0
29.9830212 0.93192897609576 -0.0755809284592834 -0.145942625229835 0 0
30.0440619 0.93192897609576 -0.0755809284592834 -0.145942625229835 0 0
30.0970996 0.93192897609576 -0.0755809284592834 -0.145942625229835 0 0
30.1501333 0.93192897609576 -0.0755809284592834 -0.145942625229835 0 0
30.2061713 0.93192897609576 -0.0755809284592834 -0.145942625229835 0 0
30.2592062 0.943576528678559 -0.077292975259636 -0.145942625229835 0.0117727051018733 0.0117727051018733
30.3112415 0.943576528678559 -0.077292975259636 -0.145942625229835 0 0
30.3712805 0.978454138637828 -0.0828536939425188 -0.158104510665654 0.0382612915810883 0.0323749390301517
30.4283191 0.978454138637828 -0.0828536939425188 -0.158104510665654 0 0
30.4833553 0.978454138637828 -0.0828536939425188 -0.158104510665654 0 0
30.5363902 1.02495761858352 -0.090267985519696 -0.158104510665654 0.0470908204074933 0.0470908204074933
30.5894279 1.02495761858352 -0.090267985519696 -0.158104510665654 0 0
30.6424616 1.02495761858352 -0.090267985519696 -0.158104510665654 0 0
30.6954975 1.02495761858352 -0.090267985519696 -0.158104510665654 0 0
30.7485324 1.07716872373693 -0.0992446972409583 -0.170266396101474 0.0559203492338983 0.0500339966829617
30.8055705 1.19425572205678 -0.121581894943506 -0.188509224255203 0.12361340356967 0.114783874743265
30.8586059 1.19425572205678 -0.121581894943506 -0.188509224255203 0 0
30.9156446 1.25633976075561 -0.13381766685894 -0.194590166973113 0.0647498780603033 0.061806701784835
30.9776854 1.25633976075561 -0.13381766685894 -0.194590166973113 0 0
31.0297207 1.25633976075561 -0.13381766685894 -0.194590166973113 0 0
31.0857576 1.38147915555094 -0.160861033278623 -0.212832995126842 0.132442932396075 0.12361340356967
31.1387936 1.38147915555094 -0.160861033278623 -0.212832995126842 0 0
31.1908278 1.44612017259925 -0.175242323219979 -0.218913937844752 0.0676930543357716 0.0647498780603033
31.2448633 1.5104880928062 -0.190800389733851 -0.237156765998481 0.07063623061124 0.061806701784835
31.2978993 1.5104880928062 -0.190800389733851 -0.237156765998481 0 0
31.3519359 1.5104880928062 -0.190800389733851 -0.237156765998481 0 0
31.4109748 1.5104880928062 -0.190800389733851 -0.237156765998481 0 0
31.4640096 1.5104880928062 -0.190800389733851 -0.237156765998481 0 0
31.5170456 1.5104880928062 -0.190800389733851 -0.237156765998481 0 0
31.570081 1.5104880928062 -0.190800389733851 -0.237156765998481 0 0
31.6301217 1.5104880928062 -0.190800389733851 -0.237156765998481 0 0
31.6841589 1.63274279959411 -0.223516663517699 -0.261480536870121 0.132442932396075 0.120670227294202
31.7371926 1.68941618736086 -0.239423949723459 -0.27364242230594 0.061806701784835 0.0559203492338983
31.8052381 1.74306813910066 -0.255189530364559 -0.28580430774176 0.0588635255093666 0.05297717295843
31.8572728 1.7965243885613 -0.271606437870024 -0.297966193177579 0.0588635255093666 0.05297717295843
31.9123096 1.85128391031859 -0.288788674400301 -0.304047135895489 0.0588635255093666 0.0559203492338983
31.9653456 1.9087407066337 -0.307201781036953 -0.310128078613399 0.061806701784835 0.0588635255093666
32.021383 1.9087407066337 -0.307201781036953 -0.310128078613399 0 0
32.0754196 1.94103478356749 -0.317334894888142 -0.304047135895489 0.0323749390301517 0.03531811530562
32.1274532 1.94103478356749 -0.317334894888142 -0.304047135895489 0 0
32.18249 1.94806850060178 -0.319495014296756 -0.297966193177579 0.00588635255093666 0.008829528826405
32.2405293 1.94806850060178 -0.319495014296756 -0.297966193177579 0 0
32.2935647 1.94806850060178 -0.319495014296756 -0.297966193177579 0 0
32.3476048 1.94806850060178 -0.319495014296756 -0.297966193177579 0 0
32.4326593 1.94806850060178 -0.319495014296756 -0.297966193177579 0 0
32.4856925 1.94806850060178 -0.319495014296756 -0.297966193177579 0 0
32.5377272 1.94806850060178 -0.319495014296756 -0.297966193177579 0 0
32.5907644 1.94806850060178 -0.319495014296756 -0.297966193177579 0 0
32.6488014 1.94806850060178 -0.319495014296756 -0.297966193177579 0 0
32.7018368 1.94806850060178 -0.319495014296756 -0.297966193177579 0 0
32.7548728 1.94806850060178 -0.319495014296756 -0.297966193177579 0 0
32.8219176 1.94806850060178 -0.319495014296756 -0.297966193177579 0 0
32.8739512 1.94806850060178 -0.319495014296756 -0.297966193177579 0 0
32.9299892 1.94806850060178 -0.319495014296756 -0.297966193177579 0 0
32.9830246 1.94806850060178 -0.319495014296756 -0.297966193177579 0 0
33.03606 1.94806850060178 -0.319495014296756 -0.297966193177579 0 0
33.0890954 1.94806850060178 -0.319495014296756 -0.297966193177579 0 0
33.1431321 1.94806850060178 -0.319495014296756 -0.297966193177579 0 0
33.1981683 1.94806850060178 -0.319495014296756 -0.297966193177579 0 0
33.2522049 1.94806850060178 -0.319495014296756 -0.297966193177579 0 0
33.3062404 1.94806850060178 -0.319495014296756 -0.297966193177579 0 0
33.3592753 1.94806850060178 -0.319495014296756 -0.297966193177579 0 0
33.4353267 1.94806850060178 -0.319495014296756 -0.297966193177579 0 0
33.4873625 1.94806850060178 -0.319495014296756 -0.297966193177579 0 0
33.5403974 1.94806850060178 -0.319495014296756 -0.297966193177579 0 0
33.5934334 1.94806850060178 -0.319495014296756 -0.297966193177579 0 0
33.6474689 1.94806850060178 -0.319495014296756 -0.297966193177579 0 0
33.7005037 1.94806850060178 -0.319495014296756 -0.297966193177579 0 0
33.7545398 1.94806850060178 -0.319495014296756 -0.297966193177579 0 0
33.806574 1.94806850060178 -0.319495014296756 -0.297966193177579 0 0
33.8606107 1.94806850060178 -0.319495014296756 -0.297966193177579 0 0
33.9166486 1.94806850060178 -0.319495014296756 -0.297966193177579 0 0
33.9696841 1.94806850060178 -0.319495014296756 -0.297966193177579 0 0
34.0297236 1.94806850060178 -0.319495014296756 -0.297966193177579 0 0
34.0837602 1.94806850060178 -0.319495014296756 -0.297966193177579 0 0
34.1367957 1.94806850060178 -0.319495014296756 -0.297966193177579 0 0
34.1908312 1.94806850060178 -0.319495014296756 -0.297966193177579 0 0
34.2438677 1.94806850060178 -0.319495014296756 -0.297966193177579 0 0
34.2969014 1.94806850060178 -0.319495014296756 -0.297966193177579 0 0
34.3489373 1.94806850060178 -0.319495014296756 -0.297966193177579 0 0
34.4019716 1.94806850060178 -0.319495014296756 -0.297966193177579 0 0
34.4530063 1.94806850060178 -0.319495014296756 -0.297966193177579 0 0
34.5070429 1.94806850060178 -0.319495014296756 -0.297966193177579 0 0
34.5610784 1.94806850060178 -0.319495014296756 -0.297966193177579 0 0
34.6181171 1.94806850060178 -0.319495014296756 -0.297966193177579 0 0
34.6721526 1.94806850060178 -0.319495014296756 -0.297966193177579 0 0
34.7251892 1.94806850060178 -0.319495014296756 -0.297966193177579 0 0
34.778224 1.94806850060178 -0.319495014296756 -0.297966193177579 0 0
34.8302593 1.94806850060178 -0.319495014296756 -0.297966193177579 0 0
34.8822941 1.94806850060178 -0.319495014296756 -0.297966193177579 0 0
34.9343283 1.94806850060178 -0.319495014296756 -0.297966193177579 0 0
34.9863636 1.94806850060178 -0.319495014296756 -0.297966193177579 0 0
35.0403985 1.94806850060178 -0.319495014296756 -0.297966193177579 0 0
35.0934351 1.94806850060178 -0.319495014296756 -0.297966193177579 0 0
35.1454698 1.94806850060178 -0.319495014296756 -0.297966193177579 0 0
35.1995048 1.94806850060178 -0.319495014296756 -0.297966193177579 0 0
35.2525419 1.94806850060178 -0.319495014296756 -0.297966193177579 0 0
35.3055762 1.94806850060178 -0.319495014296756 -0.297966193177579 0 0
35.3586122 1.94806850060178 -0.319495014296756 -0.297966193177579 0 0
35.4126477 1.94806850060178 -0.319495014296756 -0.297966193177579 0 0
35.4676839 1.94806850060178 -0.319495014296756 -0.297966193177579 0 0
35.5207199 1.94806850060178 -0.319495014296756 -0.297966193177579 0 0
35.5737558 1.94806850060178 -0.319495014296756 -0.297966193177579 0 0
35.6297921 1.94806850060178 -0.319495014296756 -0.297966193177579 0 0
35.6828275 1.94806850060178 -0.319495014296756 -0.297966193177579 0 0
35.738865 1.94806850060178 -0.319495014296756 -0.297966193177579 0 0
35.7909009 1.94806850060178 -0.319495014296756 -0.297966193177579 0 0
35.8559437 1.94806850060178 -0.319495014296756 -0.297966193177579 0 0
35.9089791 1.94806850060178 -0.319495014296756 -0.297966193177579 0 0
35.9610139 1.94806850060178 -0.319495014296756 -0.297966193177579 0 0
36.0140487 1.94806850060178 -0.319495014296756 -0.297966193177579 0 0
36.0670842 1.94806850060178 -0.319495014296756 -0.297966193177579 0 0
36.1201207 1.94806850060178 -0.319495014296756 -0.297966193177579 0 0
36.1741568 1.94806850060178 -0.319495014296756 -0.297966193177579 0 0
36.2281929 1.94806850060178 -0.319495014296756 -0.297966193177579 0 0
36.2802271 1.94806850060178 -0.319495014296756 -0.297966193177579 0 0
36.3392659 1.94806850060178 -0.319495014296756 -0.297966193177579 0 0
36.3923025 1.94806850060178 -0.319495014296756 -0.297966193177579 0 0
36.4473387 1.94806850060178 -0.319495014296756 -0.297966193177579 0 0
36.5003746 1.94806850060178 -0.319495014296756 -0.297966193177579 0 0
36.5534089 1.94806850060178 -0.319495014296756 -0.297966193177579 0 0
36.6054442 1.94806850060178 -0.319495014296756 -0.297966193177579 0 0
36.6804955 1.94806850060178 -0.319495014296756 -0.297966193177579 0 0
36.7335292 1.94806850060178 -0.319495014296756 -0.297966193177579 0 0
36.7865646 1.94806850060178 -0.319495014296756 -0.297966193177579 0 0
36.8406007 1.94806850060178 -0.319495014296756 -0.297966193177579 0 0
36.8966381 1.94806850060178 -0.319495014296756 -0.297966193177579 0 0
36.9486729 1.94806850060178 -0.319495014296756 -0.297966193177579 0 0
37.0017083 1.94806850060178 -0.319495014296756 -0.297966193177579 0 0
37.0547454 1.94806850060178 -0.319495014296756 -0.297966193177579 0 0
37.106779 1.94806850060178 -0.319495014296756 -0.297966193177579 0 0
37.1598145 1.94806850060178 -0.319495014296756 -0.297966193177579 0 0
37.2128504 1.94806850060178 -0.319495014296756 -0.297966193177579 0 0
37.2658842 1.94806850060178 -0.319495014296756 -0.297966193177579 0 0
37.3189213 1.94806850060178 -0.319495014296756 -0.297966193177579 0 0
37.3709555 1.94806850060178 -0.319495014296756 -0.297966193177579 0 0
37.4289948 1.94806850060178 -0.319495014296756 -0.297966193177579 0 0
37.4820291 1.94806850060178 -0.319495014296756 -0.297966193177579 0 0
37.5340644 1.94806850060178 -0.319495014296756 -0.297966193177579 0 0
37.5870992 1.94806850060178 -0.319495014296756 -0.297966193177579 0 0
37.6391334 1.94806850060178 -0.319495014296756 -0.297966193177579 0 0
37.6921688 1.94806850060178 -0.319495014296756 -0.297966193177579 0 0
37.7452071 1.94806850060178 -0.319495014296756 -0.297966193177579 0 0
37.8052455 1.94806850060178 -0.319495014296756 -0.297966193177579 0 0
37.8582803 1.94806850060178 -0.319495014296756 -0.297966193177579 0 0
37.9123164 1.94806850060178 -0.319495014296756 -0.297966193177579 0 0
37.9633505 1.94806850060178 -0.319495014296756 -0.297966193177579 0 0
38.0293957 1.94806850060178 -0.319495014296756 -0.297966193177579 0 0
38.0874334 1.94806850060178 -0.319495014296756 -0.297966193177579 0 0
38.1454733 1.94806850060178 -0.319495014296756 -0.297966193177579 0 0
38.2035109 1.94806850060178 -0.319495014296756 -0.297966193177579 0 0
38.2565463 1.94806850060178 -0.319495014296756 -0.297966193177579 0 0
38.3095817 1.94806850060178 -0.319495014296756 -0.297966193177579 0 0
38.3636184 1.94806850060178 -0.319495014296756 -0.297966193177579 0 0
38.4166544 1.94806850060178 -0.319495014296756 -0.297966193177579 0 0
38.4696892 1.94806850060178 -0.319495014296756 -0.297966193177579 0 0
38.522724 1.94806850060178 -0.319495014296756 -0.297966193177579 0 0
38.5757606 1.94806850060178 -0.319495014296756 -0.297966193177579 0 0
38.6277942 1.94806850060178 -0.319495014296756 -0.297966193177579 0 0
38.6818309 1.94806850060178 -0.319495014296756 -0.297966193177579 0 0
38.7378683 1.94806850060178 -0.319495014296756 -0.297966193177579 0 0
38.8019122 1.94806850060178 -0.319495014296756 -0.297966193177579 0 0
38.8549465 1.94806850060178 -0.319495014296756 -0.297966193177579 0 0
38.9079813 1.94806850060178 -0.319495014296756 -0.297966193177579 0 0
38.9600161 1.94806850060178 -0.319495014296756 -0.297966193177579 0 0
39.0200567 1.94806850060178 -0.319495014296756 -0.297966193177579 0 0
39.0730927 1.94806850060178 -0.319495014296756 -0.297966193177579 0 0
39.1271277 1.94806850060178 -0.319495014296756 -0.297966193177579 0 0
39.1811638 1.94806850060178 -0.319495014296756 -0.297966193177579 0 0
39.2422057 1.94806850060178 -0.319495014296756 -0.297966193177579 0 0
39.2952416 1.94806850060178 -0.319495014296756 -0.297966193177579 0 0
39.3482765 1.94806850060178 -0.319495014296756 -0.297966193177579 0 0
39.4103179 1.94806850060178 -0.319495014296756 -0.297966193177579 0 0
39.4633533 1.94806850060178 -0.319495014296756 -0.297966193177579 0 0
39.5163882 1.94806850060178 -0.319495014296756 -0.297966193177579 0 0
39.5694247 1.94806850060178 -0.319495014296756 -0.297966193177579 0 0
39.6294637 1.94806850060178 -0.319495014296756 -0.297966193177579 0 0
39.682498 1.94806850060178 -0.319495014296756 -0.297966193177579 0 0
39.7385354 1.94806850060178 -0.319495014296756 -0.297966193177579 0 0
39.7995767 1.94806850060178 -0.319495014296756 -0.297966193177579 0 0
39.8526122 1.94806850060178 -0.319495014296756 -0.297966193177579 0 0
39.9056481 1.94806850060178 -0.319495014296756 -0.297966193177579 0 0
39.958683 1.94806850060178 -0.319495014296756 -0.297966193177579 0 0
40.0117201 1.94806850060178 -0.319495014296756 -0.297966193177579 0 0
40.064755 1.94806850060178 -0.319495014296756 -0.297966193177579 0 0
40.1317997 1.94806850060178 -0.319495014296756 -0.297966193177579 0 0
40.1848352 1.94806850060178 -0.319495014296756 -0.297966193177579 0 0
40.2398713 1.94806850060178 -0.319495014296756 -0.297966193177579 0 0
40.2919049 1.94806850060178 -0.319495014296756 -0.297966193177579 0 0
40.3449409 1.94806850060178 -0.319495014296756 -0.297966193177579 0 0
40.4069835 1.94806850060178 -0.319495014296756 -0.297966193177579 0 0
40.4610196 1.94806850060178 -0.319495014296756 -0.297966193177579 0 0
40.5140539 1.94806850060178 -0.319495014296756 -0.297966193177579 0 0
40.5660892 1.94806850060178 -0.319495014296756 -0.297966193177579 0 0
40.6181239 1.94806850060178 -0.319495014296756 -0.297966193177579 0 0
40.6741614 1.94806850060178 -0.319495014296756 -0.297966193177579 0 0
40.7291975 1.94806850060178 -0.319495014296756 -0.297966193177579 0 0
40.7832342 1.94806850060178 -0.319495014296756 -0.297966193177579 0 0
40.8392711 1.94806850060178 -0.319495014296756 -0.297966193177579 0 0
40.9033138 1.94806850060178 -0.319495014296756 -0.297966193177579 0 0
40.9573499 1.94806850060178 -0.319495014296756 -0.297966193177579 0 0
41.0193913 1.94806850060178 -0.319495014296756 -0.297966193177579 0 0
41.0724273 1.94806850060178 -0.319495014296756 -0.297966193177579 0 0
41.1694921 1.94806850060178 -0.319495014296756 -0.297966193177579 0 0
41.2245306 1.94806850060178 -0.319495014296756 -0.297966193177579 0 0
41.2765625 1.94806850060178 -0.319495014296756 -0.297966193177579 0 0
41.3566182 1.94806850060178 -0.319495014296756 -0.297966193177579 0 0
41.4106526 1.94806850060178 -0.319495014296756 -0.297966193177579 0 0
41.4646887 1.94806850060178 -0.319495014296756 -0.297966193177579 0 0
41.5207261 1.94806850060178 -0.319495014296756 -0.297966193177579 0 0
41.5737615 1.94806850060178 -0.319495014296756 -0.297966193177579 0 0
41.6267975 1.94806850060178 -0.319495014296756 -0.297966193177579 0 0
41.6788329 1.94806850060178 -0.319495014296756 -0.297966193177579 0 0
41.7308676 1.94806850060178 -0.319495014296756 -0.297966193177579 0 0
41.783903 1.94806850060178 -0.319495014296756 -0.297966193177579 0 0
41.8369373 1.94806850060178 -0.319495014296756 -0.297966193177579 0 0
41.8889715 1.94806850060178 -0.319495014296756 -0.297966193177579 0 0
41.9470108 1.94806850060178 -0.319495014296756 -0.297966193177579 0 0
41.9990456 1.94806850060178 -0.319495014296756 -0.297966193177579 0 0
42.052081 1.94947784509582 -0.319918475917487 -0.29188525045967 0 0.00294317627546833
42.1051158 1.94947784509582 -0.319918475917487 -0.29188525045967 0 0
42.1571511 1.97475147052226 -0.327848738931461 -0.304047135895489 0.0294317627546833 0.0235454102037467
42.210186 1.97475147052226 -0.327848738931461 -0.304047135895489 0 0
42.263222 2.02249054077221 -0.342828124624523 -0.304047135895489 0.0500339966829617 0.0500339966829617
42.316258 2.02249054077221 -0.342828124624523 -0.304047135895489 0 0
42.3712947 2.07714456653536 -0.360343030937437 -0.310128078613399 0.0588635255093666 0.0559203492338983
42.4343362 2.13124087821657 -0.379511326056167 -0.340532792202948 0.0647498780603033 0.0500339966829617
42.4873722 2.13124087821657 -0.379511326056167 -0.340532792202948 0 0
42.5404082 2.13124087821657 -0.379511326056167 -0.340532792202948 0 0
42.6034497 2.16791019363823 -0.394810444895404 -0.395261276664136 0.05297717295843 0.026488586479215
42.6574853 2.2160259755336 -0.41697917032708 -0.431746932971594 0.061806701784835 0.044147644132025
42.70952 2.2160259755336 -0.41697917032708 -0.431746932971594 0 0
42.762556 2.27793491534442 -0.447817959862146 -0.462151646561143 0.0765225831621766 0.061806701784835
42.8155908 2.27793491534442 -0.447817959862146 -0.462151646561143 0 0
42.8686257 2.33030028791209 -0.474702572398697 -0.474313531996963 0.061806701784835 0.0559203492338983
42.9216611 2.33030028791209 -0.474702572398697 -0.474313531996963 0 0
42.9746977 2.38346317881555 -0.503233835420078 -0.492556360150692 0.0647498780603033 0.0559203492338983
43.0397411 2.41318838558909 -0.51942023352457 -0.498637302868602 0.03531811530562 0.0323749390301517
43.0947773 2.41318838558909 -0.51942023352457 -0.498637302868602 0 0
43.149814 2.41835798676709 -0.522235259281873 -0.498637302868602 0.00588635255093666 0.00588635255093666
43.2058532 2.41835798676709 -0.522235259281873 -0.498637302868602 0 0
43.2588875 2.41835798676709 -0.522235259281873 -0.498637302868602 0 0
43.3119229 2.41835798676709 -0.522235259281873 -0.498637302868602 0 0
43.3729642 2.41835798676709 -0.522235259281873 -0.498637302868602 0 0
43.4290011 2.41835798676709 -0.522235259281873 -0.498637302868602 0 0
43.4810352 2.41835798676709 -0.522235259281873 -0.498637302868602 0 0
43.5340701 2.41835798676709 -0.522235259281873 -0.498637302868602 0 0
43.5911087 2.41835798676709 -0.522235259281873 -0.498637302868602 0 0
43.6471467 2.41835798676709 -0.522235259281873 -0.498637302868602 0 0
43.7011823 2.41835798676709 -0.522235259281873 -0.498637302868602 0 0
43.7542171 2.41835798676709 -0.522235259281873 -0.498637302868602 0 0
43.8072542 2.41835798676709 -0.522235259281873 -0.498637302868602 0 0
43.8602896 2.41835798676709 -0.522235259281873 -0.498637302868602 0 0
43.9173272 2.41835798676709 -0.522235259281873 -0.498637302868602 0 0
43.9693613 2.41835798676709 -0.522235259281873 -0.498637302868602 0 0
44.0334041 2.41835798676709 -0.522235259281873 -0.498637302868602 0 0
44.086439 2.41835798676709 -0.522235259281873 -0.498637302868602 0 0
44.1434776 2.41835798676709 -0.522235259281873 -0.498637302868602 0 0
44.2025182 2.41835798676709 -0.522235259281873 -0.498637302868602 0 0
44.2545529 2.41835798676709 -0.522235259281873 -0.498637302868602 0 0
44.3075878 2.41835798676709 -0.522235259281873 -0.498637302868602 0 0
44.3626245 2.41835798676709 -0.522235259281873 -0.498637302868602 0 0
44.4266679 2.41835798676709 -0.522235259281873 -0.498637302868602 0 0
44.4807034 2.41835798676709 -0.522235259281873 -0.498637302868602 0 0
44.5337377 2.41835798676709 -0.522235259281873 -0.498637302868602 0 0
44.6127916 2.41835798676709 -0.522235259281873 -0.498637302868602 0 0
44.6658264 2.41835798676709 -0.522235259281873 -0.498637302868602 0 0
44.718863 2.41835798676709 -0.522235259281873 -0.498637302868602 0 0
44.7718979 2.41835798676709 -0.522235259281873 -0.498637302868602 0 0
44.8259334 2.41835798676709 -0.522235259281873 -0.498637302868602 0 0
44.8789688 2.41835798676709 -0.522235259281873 -0.498637302868602 0 0
44.9320042 2.41835798676709 -0.522235259281873 -0.498637302868602 0 0
45.0070549 2.41835798676709 -0.522235259281873 -0.498637302868602 0 0
45.0600903 2.41835798676709 -0.522235259281873 -0.498637302868602 0 0
45.1131257 2.41835798676709 -0.522235259281873 -0.498637302868602 0 0
45.16616 2.41835798676709 -0.522235259281873 -0.498637302868602 0 0
45.2201978 2.41835798676709 -0.522235259281873 -0.498637302868602 0 0
45.272232 2.41835798676709 -0.522235259281873 -0.498637302868602 0 0
45.3242656 2.41835798676709 -0.522235259281873 -0.498637302868602 0 0
45.377301 2.41835798676709 -0.522235259281873 -0.498637302868602 0 0
45.4383435 2.41835798676709 -0.522235259281873 -0.498637302868602 0 0
45.4903771 2.41835798676709 -0.522235259281873 -0.498637302868602 0 0
45.5434131 2.41835798676709 -0.522235259281873 -0.498637302868602 0 0
45.6294711 2.41835798676709 -0.522235259281873 -0.498637302868602 0 0
45.6835072 2.41835798676709 -0.522235259281873 -0.498637302868602 0 0
45.736542 2.41835798676709 -0.522235259281873 -0.498637302868602 0 0
45.8145936 2.41835798676709 -0.522235259281873 -0.498637302868602 0 0
45.8676302 2.41835798676709 -0.522235259281873 -0.498637302868602 0 0
45.9206667 2.41835798676709 -0.522235259281873 -0.498637302868602 0 0
45.9736999 2.41835798676709 -0.522235259281873 -0.498637302868602 0 0
46.0287372 2.41835798676709 -0.522235259281873 -0.498637302868602 0 0
46.0817726 2.41835798676709 -0.522235259281873 -0.498637302868602 0 0
46.134808 2.41835798676709 -0.522235259281873 -0.498637302868602 0 0
46.1958488 2.41835798676709 -0.522235259281873 -0.498637302868602 0 0
46.252888 2.41835798676709 -0.522235259281873 -0.498637302868602 0 0
46.3059223 2.41835798676709 -0.522235259281873 -0.498637302868602 0 0
46.3589571 2.41835798676709 -0.522235259281873 -0.498637302868602 0 0
46.4300063 2.41835798676709 -0.522235259281873 -0.498637302868602 0 0
46.4850419 2.41835798676709 -0.522235259281873 -0.498637302868602 0 0
46.539078 2.41835798676709 -0.522235259281873 -0.498637302868602 0 0
46.5931135 2.41835798676709 -0.522235259281873 -0.498637302868602 0 0
46.6491509 2.41835798676709 -0.522235259281873 -0.498637302868602 0 0
46.7041882 2.41835798676709 -0.522235259281873 -0.498637302868602 0 0
46.7572242 2.41835798676709 -0.522235259281873 -0.498637302868602 0 0
46.8112592 2.41835798676709 -0.522235259281873 -0.498637302868602 0 0
46.8632945 2.41835798676709 -0.522235259281873 -0.498637302868602 0 0
46.9163293 2.41835798676709 -0.522235259281873 -0.498637302868602 0 0
46.9693659 2.41835798676709 -0.522235259281873 -0.498637302868602 0 0
47.0464179 2.41835798676709 -0.522235259281873 -0.498637302868602 0 0
47.1004546 2.41835798676709 -0.522235259281873 -0.498637302868602 0 0
47.1524871 2.41835798676709 -0.522235259281873 -0.498637302868602 0 0
47.2055225 2.41835798676709 -0.522235259281873 -0.498637302868602 0 0
47.2585579 2.41835798676709 -0.522235259281873 -0.498637302868602 0 0
47.312594 2.41835798676709 -0.522235259281873 -0.498637302868602 0 0
47.3676307 2.41835798676709 -0.522235259281873 -0.498637302868602 0 0
47.4326747 2.41835798676709 -0.522235259281873 -0.498637302868602 0 0
47.4867114 2.41835798676709 -0.522235259281873 -0.498637302868602 0 0
47.5407475 2.41835798676709 -0.522235259281873 -0.498637302868602 0 0
47.5937812 2.41835798676709 -0.522235259281873 -0.498637302868602 0 0
47.6468166 2.41835798676709 -0.522235259281873 -0.498637302868602 0 0
47.6998537 2.41835798676709 -0.522235259281873 -0.498637302868602 0 0
47.7538904 2.41835798676709 -0.522235259281873 -0.498637302868602 0 0
47.8099261 2.41835798676709 -0.522235259281873 -0.498637302868602 0 0
47.861962 2.41835798676709 -0.522235259281873 -0.498637302868602 0 0
47.9179988 2.41835798676709 -0.522235259281873 -0.498637302868602 0 0
47.9720349 2.41835798676709 -0.522235259281873 -0.498637302868602 0 0
48.0250692 2.41835798676709 -0.522235259281873 -0.498637302868602 0 0
48.0771045 2.41835798676709 -0.522235259281873 -0.498637302868602 0 0
48.1301405 2.41835798676709 -0.522235259281873 -0.498637302868602 0 0
48.1841772 2.41835798676709 -0.522235259281873 -0.498637302868602 0 0
48.2382127 2.41835798676709 -0.522235259281873 -0.498637302868602 0 0
48.2902469 2.41835798676709 -0.522235259281873 -0.498637302868602 0 0
48.342281 2.41835798676709 -0.522235259281873 -0.498637302868602 0 0
48.4073262 2.41835798676709 -0.522235259281873 -0.498637302868602 0 0
48.4593592 2.41835798676709 -0.522235259281873 -0.498637302868602 0 0
48.5123946 2.41835798676709 -0.522235259281873 -0.498637302868602 0 0
48.5654312 2.41835798676709 -0.522235259281873 -0.498637302868602 0 0
48.671502 2.41835798676709 -0.522235259281873 -0.498637302868602 0 0
48.7225361 2.41835798676709 -0.522235259281873 -0.498637302868602 0 0
48.7745697 2.41835798676709 -0.522235259281873 -0.498637302868602 0 0
48.8326102 2.41835798676709 -0.522235259281873 -0.498637302868602 0 0
48.8846449 2.41835798676709 -0.522235259281873 -0.498637302868602 0 0
48.9376786 2.41835798676709 -0.522235259281873 -0.498637302868602 0 0
48.9907146 2.41835798676709 -0.522235259281873 -0.498637302868602 0 0
49.0447513 2.41835798676709 -0.522235259281873 -0.498637302868602 0 0
49.0977856 2.41835798676709 -0.522235259281873 -0.498637302868602 0 0
49.1508227 2.41835798676709 -0.522235259281873 -0.498637302868602 0 0
49.2038581 2.41835798676709 -0.522235259281873 -0.498637302868602 0 0
49.274905 2.41835798676709 -0.522235259281873 -0.498637302868602 0 0
49.3279393 2.41835798676709 -0.522235259281873 -0.498637302868602 0 0
49.3819765 2.41835798676709 -0.522235259281873 -0.498637302868602 0 0
49.4380133 2.41835798676709 -0.522235259281873 -0.498637302868602 0 0
49.4900481 2.41835798676709 -0.522235259281873 -0.498637302868602 0 0
49.5430841 2.41835798676709 -0.522235259281873 -0.498637302868602 0 0
49.5981214 2.41835798676709 -0.522235259281873 -0.498637302868602 0 0
49.6521564 2.41835798676709 -0.522235259281873 -0.498637302868602 0 0
49.712197 2.41835798676709 -0.522235259281873 -0.498637302868602 0 0
49.7652319 2.41835798676709 -0.522235259281873 -0.498637302868602 0 0
49.8272739 2.41835798676709 -0.522235259281873 -0.498637302868602 0 0
49.8813094 2.41835798676709 -0.522235259281873 -0.498637302868602 0 0
49.9433508 2.41835798676709 -0.522235259281873 -0.498637302868602 0 0
50.0063929 2.41835798676709 -0.522235259281873 -0.498637302868602 0 0
50.0584282 2.41835798676709 -0.522235259281873 -0.498637302868602 0 0
50.1114625 2.41835798676709 -0.522235259281873 -0.498637302868602 0 0
50.1675011 2.41835798676709 -0.522235259281873 -0.498637302868602 0 0
50.2205353 2.41835798676709 -0.522235259281873 -0.498637302868602 0 0
50.2825773 2.41835798676709 -0.522235259281873 -0.498637302868602 0 0
50.3366134 2.41835798676709 -0.522235259281873 -0.498637302868602 0 0
50.3896489 2.41835798676709 -0.522235259281873 -0.498637302868602 0 0
50.4416842 2.41835798676709 -0.522235259281873 -0.498637302868602 0 0
50.4947196 2.41835798676709 -0.522235259281873 -0.498637302868602 0 0
50.5517583 2.41835798676709 -0.522235259281873 -0.498637302868602 0 0
50.6157999 2.41835798676709 -0.522235259281873 -0.498637302868602 0 0
50.6678346 2.41835798676709 -0.522235259281873 -0.498637302868602 0 0
50.7228725 2.41835798676709 -0.522235259281873 -0.498637302868602 0 0
50.7759079 2.41835798676709 -0.522235259281873 -0.498637302868602 0 0
50.8339456 2.41835798676709 -0.522235259281873 -0.498637302868602 0 0
50.889983 2.41835798676709 -0.522235259281873 -0.498637302868602 0 0
50.9430184 2.41835798676709 -0.522235259281873 -0.498637302868602 0 0
50.9960544 2.41835798676709 -0.522235259281873 -0.498637302868602 0 0
51.0490892 2.41835798676709 -0.522235259281873 -0.498637302868602 0 0
51.101124 2.41835798676709 -0.522235259281873 -0.498637302868602 0 0
51.1531582 2.41835798676709 -0.522235259281873 -0.498637302868602 0 0
51.2091973 2.41835798676709 -0.522235259281873 -0.498637302868602 0 0
51.262235 2.41835798676709 -0.522235259281873 -0.498637302868602 0 0
51.3142669 2.41835798676709 -0.522235259281873 -0.498637302868602 0 0
51.3673029 2.41835798676709 -0.522235259281873 -0.498637302868602 0 0
51.4273424 2.41835798676709 -0.522235259281873 -0.498637302868602 0 0
51.4803772 2.41835798676709 -0.522235259281873 -0.498637302868602 0 0
51.5414186 2.41835798676709 -0.522235259281873 -0.498637302868602 0 0
51.5934522 2.41835798676709 -0.522235259281873 -0.498637302868602 0 0
51.6474888 2.41835798676709 -0.522235259281873 -0.498637302868602 0 0
51.6995242 2.41835798676709 -0.522235259281873 -0.498637302868602 0 0
51.7515589 2.41835798676709 -0.522235259281873 -0.498637302868602 0 0
51.8125991 2.41835798676709 -0.522235259281873 -0.498637302868602 0 0
51.865634 2.41835798676709 -0.522235259281873 -0.498637302868602 0 0
51.9186711 2.41835798676709 -0.522235259281873 -0.498637302868602 0 0
51.9717048 2.41835798676709 -0.522235259281873 -0.498637302868602 0 0
52.0297447 2.41835798676709 -0.522235259281873 -0.498637302868602 0 0
52.082779 2.41835798676709 -0.522235259281873 -0.498637302868602 0 0
52.135815 2.41835798676709 -0.522235259281873 -0.498637302868602 0 0
52.1918529 2.41835798676709 -0.522235259281873 -0.498637302868602 0 0
52.2458896 2.41835798676709 -0.522235259281873 -0.498637302868602 0 0
52.3119331 2.41835798676709 -0.522235259281873 -0.498637302868602 0 0
52.3649686 2.41835798676709 -0.522235259281873 -0.498637302868602 0 0
52.4190046 2.41835798676709 -0.522235259281873 -0.498637302868602 0 0
52.4730402 2.41835798676709 -0.522235259281873 -0.498637302868602 0 0
52.5270825 2.41835798676709 -0.522235259281873 -0.498637302868602 0 0
52.5801117 2.41835798676709 -0.522235259281873 -0.498637302868602 0 0
52.6341477 2.41835798676709 -0.522235259281873 -0.498637302868602 0 0
52.6871832 2.41835798676709 -0.522235259281873 -0.498637302868602 0 0
52.740218 2.41835798676709 -0.522235259281873 -0.498637302868602 0 0
52.7932563 2.41835798676709 -0.522235259281873 -0.498637302868602 0 0
52.8462888 2.41835798676709 -0.522235259281873 -0.498637302868602 0 0
52.9003261 2.41835798676709 -0.522235259281873 -0.498637302868602 0 0
52.9553623 2.41835798676709 -0.522235259281873 -0.498637302868602 0 0
53.007397 2.41835798676709 -0.522235259281873 -0.498637302868602 0 0
53.0604324 2.41835798676709 -0.522235259281873 -0.498637302868602 0 0
53.1284779 2.42492397266361 -0.525555970107097 -0.468232589279053 0 0.0147158813773417
53.1805126 2.43391019411116 -0.530591924317024 -0.510799188304422 0.0206022339282783 0
53.2395532 2.45267396563624 -0.539099151890687 -0.425665990253685 0 0.0412044678565567
53.2925875 2.47064640853134 -0.54917106031054 -0.510799188304422 0.0412044678565567 0
53.3456246 2.51399306528638 -0.574160421491474 -0.522961073740241 0.05297717295843 0.0470908204074933
53.4066642 2.51399306528638 -0.574160421491474 -0.522961073740241 0 0
53.458699 2.56209608148051 -0.602676825392892 -0.535122959176061 0.0588635255093666 0.05297717295843
53.5107343 2.56209608148051 -0.602676825392892 -0.535122959176061 0 0
53.5627685 2.6112860848928 -0.632243327376859 -0.54120390189397 0.0588635255093666 0.0559203492338983
53.6248099 2.661364843897 -0.663179269773864 -0.55336578732979 0.061806701784835 0.0559203492338983
53.6768441 2.661364843897 -0.663179269773864 -0.55336578732979 0 0
53.7318808 2.661364843897 -0.663179269773864 -0.55336578732979 0 0
53.7839173 2.71499628705977 -0.696762156484271 -0.5594467300477 0.0647498780603033 0.061806701784835
53.8379522 2.76945299522502 -0.731790911024344 -0.571608615483519 0.0676930543357716 0.061806701784835
53.8909871 2.76945299522502 -0.731790911024344 -0.571608615483519 0 0
53.9490275 2.82347967085673 -0.767479354938452 -0.583770500919339 0.0676930543357716 0.061806701784835
54.0010623 2.82347967085673 -0.767479354938452 -0.583770500919339 0 0
54.0530959 2.87805921336234 -0.804980769915695 -0.602013329073068 0.07063623061124 0.061806701784835
54.1051306 2.87805921336234 -0.804980769915695 -0.602013329073068 0 0
54.1571643 2.93097598879157 -0.842295131587806 -0.614175214508888 0.0676930543357716 0.061806701784835
54.2092001 2.93097598879157 -0.842295131587806 -0.614175214508888 0 0
54.262235 2.98246740593439 -0.879075234036658 -0.620256157226798 0.0647498780603033 0.061806701784835
54.3142692 2.98246740593439 -0.879075234036658 -0.620256157226798 0 0
54.3673052 3.03134971200589 -0.914442536618867 -0.626337099944707 0.061806701784835 0.0588635255093666
54.4313496 3.07957872043148 -0.950695656279008 -0.644579928098437 0.0647498780603033 0.0559203492338983
54.485384 3.07957872043148 -0.950695656279008 -0.644579928098437 0 0
54.5404202 3.12524454805745 -0.985458663377135 -0.650660870816346 0.0588635255093666 0.0559203492338983
