0.0380254 17.8945117548475 0 0
0.0890605 17.8945117548475 0 0
0.1400944 17.8945117548475 0 0
0.1911267 17.8945117548475 0 0
0.2421646 17.8945117548475 0 0
0.2931946 17.8945117548475 0 0
0.344228 17.8945117548475 0 0
0.3952665 17.8945117548475 0 0
0.4462999 17.8945117548475 0 0
0.4973345 17.8945117548475 0 0
0.5483838 17.8945117548475 0 0
0.599399 17.8945117548475 0 0
0.6504392 17.8945117548475 0 0
0.7014697 17.8945117548475 0 0
0.7524991 17.8945117548475 0 0
0.8035331 17.8945117548475 0 0
0.8545716 17.8945117548475 0 0
0.9056016 17.8945117548475 0 0
0.9566344 17.8945117548475 0 0
1.0076752 17.8945117548475 0 0
1.0587081 17.8945117548475 0 0
1.1097392 17.8945117548475 0 0
1.1607726 17.8945117548475 0 0
1.2118094 17.8945117548475 0 0
1.2628411 17.8945117548475 0 0
1.3138745 17.8945117548475 0 0
1.3649079 17.8945117548475 0 0
1.4159452 17.8945117548475 0 0
1.4669752 17.8945117548475 0 0
1.5180092 17.8945117548475 0 0
1.5690426 17.8945117548475 0 0
1.6200777 17.8945117548475 0 0
1.6711116 17.8945117548475 0 0
1.7221456 17.8945117548475 0 0
1.7731836 17.8945117548475 0 0
1.8242124 17.8945117548475 0 0
1.8752532 17.8945117548475 0 0
1.9262838 17.8945117548475 0 0
1.9773149 17.8945117548475 0 0
2.0283528 17.8945117548475 0 0
2.0793822 17.8945117548475 0 0
2.1304202 17.8945117548475 0 0
2.1814564 17.8945117548475 0 0
2.2324887 17.8945117548475 0 0
2.2835261 17.8945117548475 0 0
2.3345538 17.8945117548475 0 0
2.3855968 17.8945117548475 0 0
2.4366257 17.8945117548475 0 0
2.4876614 17.8945117548475 0 0
2.5386976 17.8945117548475 0 0
2.589739 17.8945117548475 0 0
