0.0250184 4.04499999999994 0 0
0.0760518 4.04999999999994 0 0
0.1270841 4.05499999999994 0 0
0.1781232 4.05999999999994 0 0
0.2291565 4.06499999999994 0 0
0.2801917 4.06999999999994 0 0
0.331225 4.07499999999994 0 0
0.3822539 4.07999999999994 0 0
0.4322917 4.08499999999994 0 0
0.4833223 4.08999999999994 0 0
0.5343597 4.09499999999993 0 0
0.5853936 4.09999999999993 0 0
0.6364287 4.10499999999993 0 0
0.6874581 4.10999999999993 0 0
0.7374949 4.11499999999993 0 0
0.7885254 4.11999999999993 0 0
0.8385667 4.12499999999993 0 0
0.8895938 4.12999999999993 0 0
0.9406272 4.13499999999993 0 0
0.9916595 4.13999999999993 0 0
1.0417235 4.14499999999993 0 0
1.0927318 4.14999999999993 0 0
1.1437618 4.15499999999993 0 0
1.1937991 4.15999999999993 0 0
1.2448462 4.16499999999993 0 0
1.2958705 4.16999999999993 0 0
1.3468964 4.17499999999993 0 0
1.397935 4.17999999999993 0 0
1.4489684 4.18499999999993 0 0
1.5000029 4.18999999999993 0 0
1.5510369 4.19499999999993 0 0
1.6020708 4.19999999999993 0 0
1.6531019 4.20499999999993 0 0
1.7031535 4.20999999999993 0 0
1.7541749 4.21499999999993 0 0
1.8052112 4.21999999999993 0 0
1.8562354 4.22499999999993 0 0
1.9072694 4.22999999999993 0 0
1.9583039 4.23499999999993 0 0
2.0093385 4.23999999999993 0 0
2.0593746 4.24499999999993 0 0
2.1104086 4.24999999999993 0 0
2.1614385 4.25499999999993 0 0
2.211473 4.25999999999993 0 0
2.2625104 4.26499999999993 0 0
2.3135392 4.26999999999993 0 0
2.3645777 4.27499999999993 0 0
2.4156077 4.27999999999993 0 0
2.4666411 4.28499999999993 0 0
2.5176836 4.28999999999993 0 0
2.5687136 4.29499999999993 0 0
2.6197441 4.29999999999993 0 0
2.6707781 4.30499999999993 0 0
2.720812 4.30999999999993 0 0
2.7718442 4.31499999999993 0 0
2.8218781 4.31999999999993 0 0
2.872916 4.32499999999993 0 0
2.92395 4.32999999999993 0 0
2.974984 4.33499999999993 0 0
3.0260139 4.33999999999993 0 0
3.0760478 4.34499999999993 0 0
3.1270812 4.34999999999993 0 0
3.1771191 4.35499999999993 0 0
3.228153 4.35999999999993 0 0
3.2791876 4.36499999999993 0 0
3.3302204 4.36999999999993 0 0
3.3812515 4.37499999999993 0 0
3.4312888 4.37999999999993 0 0
3.4823171 4.38499999999993 0 0
3.5333522 4.38999999999993 0 0
3.5833889 4.39499999999993 0 0
3.6344274 4.39999999999993 0 0
3.685454 4.40499999999993 0 0
3.7365147 4.40999999999993 0 0
3.7875213 4.41499999999993 0 0
3.8375546 4.41999999999993 0 0
3.8875919 4.42499999999993 0 0
3.9386213 4.42999999999993 0 0
3.9896558 4.43499999999993 0 0
4.0406932 4.43999999999993 0 0
4.0917272 4.44499999999993 0 0
4.1427583 4.44999999999993 0 0
4.1937917 4.45499999999993 0 0
4.2438284 4.45999999999993 0 0
4.2948943 4.46499999999993 0 0
4.3459249 4.46999999999993 0 0
4.3969571 4.47499999999993 0 0
4.447003 4.47999999999993 0 0
4.4980312 4.48499999999993 0 0
4.5490692 4.48999999999993 0 0
4.6000934 4.49499999999993 0 0
4.6501307 4.49999999999993 0 0
4.7011607 4.50499999999993 0 0
4.7511969 4.50999999999993 0 0
4.8042287 4.51499999999993 0 0
4.8552667 4.51999999999993 0 0
4.9063024 4.52499999999993 0 0
4.9573352 4.52999999999993 0 0
5.0083657 4.53499999999993 0 0
5.0583979 4.53999999999993 0 0
5.1084352 4.54499999999993 0 0
5.1594691 4.54999999999993 0 0
5.2105003 4.55499999999993 0 0
5.2615376 4.55999999999993 0 0
5.3125665 4.56499999999992 0 0
5.363601 4.56999999999992 0 0
5.4156356 4.57499999999992 0 0
5.4666702 4.57999999999992 0 0
5.5177081 4.58499999999992 0 0
5.5687375 4.58999999999992 0 0
5.6197721 4.59499999999992 0 0
5.6698094 4.59999999999992 0 0
5.7208405 4.60499999999992 0 0
5.7718773 4.60999999999992 0 0
5.8219334 4.61499999999992 0 0
5.8729445 4.61999999999992 0 0
5.9239893 4.62499999999992 0 0
5.9750136 4.62999999999992 0 0
6.0260436 4.63499999999992 0 0
6.0770798 4.63999999999992 0 0
