0.0460364 0 0 0 0 0
0.0990678 0 0 0 0 0
0.1531028 0 0 0 0 0
0.2061371 0 0 0 0 0
0.2601731 0 0 0 0 0
0.313208 0 0 0 0 0
0.3652439 0 0 0 0 0
0.4172786 0 0 0 0 0
0.4693134 0 0 0 0 0
0.5223482 0 0 0 0 0
0.5813876 0 0 0 0 0
0.6334224 0 0 0 0 0
0.6884603 0 0 0 0 0
0.7404933 0 0 0 0 0
0.7925321 0 0 0 0 0
0.8455681 0 0 0 0 0
0.8986006 0 0 0 0 0
0.9516343 0 0 0 0 0
1.0036702 0 0 0 0 0
1.0557192 0 0 0 0 0
1.1077397 0 0 0 0 0
1.159775 0 0 0 0 0
1.2118081 0 0 0 0 0
1.2708481 0 0 0 0 0
1.322884 0 0 0 0 0
1.3759177 0 0 0 0 0
1.4289537 0 0 0 0 0
1.4899956 0 0 0 0 0
1.5420292 0 0 0 0 0
1.6030711 0 0 0 0 0
1.6551041 0 0 0 0 0
1.716146 0 0 0 0 0
1.7681802 0 0 0 0 0
1.8202149 0 0 0 0 0
1.8732498 0 0 0 0 0
1.9262864 0 0 0 0 0
1.9793206 0 0 0 0 0
2.0323572 0.00588635255093666 0 0 0.00588635255093666 0.00588635255093666
2.0953993 0.0353159386849883 -0.000357936902816254 -0.0121618854358196 0.0323749390301517 0.026488586479215
2.1494354 0.0353159386849883 -0.000357936902816254 -0.0121618854358196 0 0
2.2054717 0.0779848935638797 -0.00113642567664402 -0.0182428281537293 0.044147644132025 0.0412044678565567
2.2695161 0.0779848935638797 -0.00113642567664402 -0.0182428281537293 0 0
2.3225504 0.129475242603555 -0.00238911218744727 -0.0243237708716391 0.05297717295843 0.0500339966829617
2.3815904 0.182436744472934 -0.00367758974141632 -0.0243237708716391 0.05297717295843 0.05297717295843
2.4346258 0.182436744472934 -0.00367758974141632 -0.0243237708716391 0 0
2.4896626 0.238340552001724 -0.00503764938171699 -0.0243237708716391 0.0559203492338983 0.0559203492338983
2.5436987 0.238340552001724 -0.00503764938171699 -0.0243237708716391 0 0
2.5967347 0.294223684692883 -0.00707748738104354 -0.0364856563074586 0.0588635255093666 0.05297717295843
2.6497701 0.294223684692883 -0.00707748738104354 -0.0364856563074586 0 0
2.7048068 0.355957265545307 -0.0100830456747205 -0.0486475417432782 0.0647498780603033 0.0588635255093666
2.7598436 0.355957265545307 -0.0100830456747205 -0.0486475417432782 0 0
2.8288885 0.417649728547513 -0.0138391599223172 -0.0608094271790978 0.0647498780603033 0.0588635255093666
2.8829252 0.480786507536444 -0.0180687124314623 -0.0668903698970076 0.0647498780603033 0.061806701784835
2.9369613 0.480786507536444 -0.0180687124314623 -0.0668903698970076 0 0
2.9899967 0.543896399689327 -0.0226821155112095 -0.0729713126149173 0.0647498780603033 0.061806701784835
3.0440334 0.543896399689327 -0.0226821155112095 -0.0729713126149173 0 0
3.0970682 0.608411776836634 -0.0281878234915618 -0.0851331980507369 0.0676930543357716 0.061806701784835
3.1601097 0.639287134828201 -0.0268727701571032 0.0425665990253685 0 0.061806701784835
3.2132238 0.674416702799602 -0.0305173171637636 -0.103376026204466 0.07063623061124 0
3.2672599 0.674416702799602 -0.0305173171637636 -0.103376026204466 0 0
3.3202942 0.738734888049865 -0.0379817498238494 -0.115537911640286 0.0676930543357716 0.061806701784835
3.3843387 0.799938065191694 -0.046597984109517 -0.139861682511925 0.0676930543357716 0.0559203492338983
3.4383742 0.799938065191694 -0.046597984109517 -0.139861682511925 0 0
3.4934109 0.858122697383153 -0.0555121981599253 -0.152023567947744 0.061806701784835 0.0559203492338983
3.5464532 0.858122697383153 -0.0555121981599253 -0.152023567947744 0 0
3.5994824 0.911784111013049 -0.064738262984556 -0.170266396101474 0.0588635255093666 0.0500339966829617
3.65752 0.965388429677818 -0.0742904672010215 -0.176347338819384 0.0559203492338983 0.05297717295843
3.7115572 0.965388429677818 -0.0742904672010215 -0.176347338819384 0 0
3.7645915 0.965388429677818 -0.0742904672010215 -0.176347338819384 0 0
3.817628 1.02182800859048 -0.0847024030167459 -0.182428281537293 0.0588635255093666 0.0559203492338983
3.8766657 1.02182800859048 -0.0847024030167459 -0.182428281537293 0 0
3.930703 1.08109426699929 -0.0960088858044552 -0.188509224255203 0.061806701784835 0.0588635255093666
3.9837384 1.14454481108463 -0.108915285926043 -0.200671109691023 0.0676930543357716 0.061806701784835
4.0637941 1.17536592120581 -0.111168343244059 -0.0729713126149174 0 0.061806701784835
4.1178279 1.20705136538581 -0.117814342365487 -0.206752052408932 0.0647498780603033 0
4.1708839 1.27177863855581 -0.131802290513598 -0.212832995126842 0.0676930543357716 0.0647498780603033
4.2239193 1.27177863855581 -0.131802290513598 -0.212832995126842 0 0
4.2859619 1.33641965560412 -0.146183580454955 -0.218913937844752 0.0676930543357716 0.0647498780603033
4.339998 1.33641965560412 -0.146183580454955 -0.218913937844752 0 0
4.3930322 1.40231346700982 -0.161686974397418 -0.231075823280572 0.07063623061124 0.0647498780603033
4.4670817 1.43453529090251 -0.164831929442413 -0.0972950834865565 0 0.0647498780603033
4.5201177 1.46881375649626 -0.173338166288321 -0.243237708716391 0.07063623061124 0
4.5741617 1.46881375649626 -0.173338166288321 -0.243237708716391 0 0
4.6281887 1.52994110989022 -0.189696303180245 -0.261480536870121 0.0676930543357716 0.0588635255093666
4.6902307 1.52994110989022 -0.189696303180245 -0.261480536870121 0 0
4.7432656 1.58812940729583 -0.205647728942394 -0.26756147958803 0.061806701784835 0.0588635255093666
4.7983017 1.64601703943614 -0.22265796068674 -0.28580430774176 0.0647498780603033 0.0559203492338983
4.8533459 1.64601703943614 -0.22265796068674 -0.28580430774176 0 0
4.9073751 1.70098147470379 -0.239172963895258 -0.291885250459669 0.0588635255093666 0.0559203492338983
4.9604117 1.70098147470379 -0.239172963895258 -0.291885250459669 0 0
5.0134466 1.75865795438501 -0.256885943045891 -0.297966193177579 0.061806701784835 0.0588635255093666
5.0764898 1.8175161359761 -0.275748149844413 -0.310128078613399 0.0647498780603033 0.0588635255093666
5.1295246 1.8175161359761 -0.275748149844413 -0.310128078613399 0 0
5.1825595 1.8175161359761 -0.275748149844413 -0.310128078613399 0 0
5.2355949 1.88045441534466 -0.296340759575624 -0.316209021331309 0.0676930543357716 0.0647498780603033
5.2986376 1.94174464164908 -0.317222686411468 -0.328370906767128 0.0676930543357716 0.061806701784835
5.3526737 1.94174464164908 -0.317222686411468 -0.328370906767128 0 0
5.4057091 2.00555054773461 -0.339831444756637 -0.340532792202948 0.07063623061124 0.0647498780603033
5.459744 2.00555054773461 -0.339831444756637 -0.340532792202948 0 0
5.5127806 2.06755552361752 -0.363083660805375 -0.358775620356677 0.07063623061124 0.061806701784835
5.5668155 2.06755552361752 -0.363083660805375 -0.358775620356677 0 0
5.620851 2.13186248596353 -0.388546621401441 -0.377018448510406 0.0735794068867083 0.0647498780603033
5.6878964 2.16328441275781 -0.396344005176857 -0.243237708716391 0 0.0647498780603033
5.7409335 2.19596145270377 -0.409744763704322 -0.389180333946226 0.07063623061124 0
5.794969 2.2555661422606 -0.435039579213785 -0.401342219382046 0.0676930543357716 0.061806701784835
5.8490051 2.2555661422606 -0.435039579213785 -0.401342219382046 0 0
5.9020411 2.31366478323217 -0.460113268467285 -0.407423162099955 0.0647498780603033 0.061806701784835
5.9550754 2.31366478323217 -0.460113268467285 -0.407423162099955 0 0
6.0091115 2.36920551668286 -0.483683437464739 -0.401342219382046 0.0588635255093666 0.061806701784835
6.0801583 2.36920551668286 -0.483683437464739 -0.401342219382046 0 0
6.134195 2.42339159809816 -0.506678724291524 -0.401342219382046 0.0588635255093666 0.0588635255093666
6.1922332 2.47608571432819 -0.529419977335396 -0.407423162099955 0.0588635255093666 0.0559203492338983
6.2452697 2.47608571432819 -0.529419977335396 -0.407423162099955 0 0
6.2993053 2.53133568964565 -0.553663866590812 -0.413504104817865 0.061806701784835 0.0588635255093666
6.352343 2.53133568964565 -0.553663866590812 -0.413504104817865 0 0
6.4053767 2.5879332253367 -0.578499070218311 -0.413504104817865 0.061806701784835 0.061806701784835
6.4584178 2.5879332253367 -0.578499070218311 -0.413504104817865 0 0
6.5114481 2.64303475435102 -0.603078481095973 -0.419585047535775 0.061806701784835 0.0588635255093666
6.5644823 2.70034430195964 -0.629906781981787 -0.437827875689504 0.0676930543357716 0.0588635255093666
6.6175195 2.70034430195964 -0.629906781981787 -0.437827875689504 0 0
6.6795615 2.76014757277088 -0.658347094668092 -0.443908818407414 0.0676930543357716 0.0647498780603033
6.7325952 2.76014757277088 -0.658347094668092 -0.443908818407414 0 0
6.7906334 2.82092171862811 -0.688160729143455 -0.456070703843234 0.07063623061124 0.0647498780603033
6.84467 2.82092171862811 -0.688160729143455 -0.456070703843234 0 0
6.898705 2.88132878887605 -0.718711268735522 -0.468232589279053 0.07063623061124 0.0647498780603033
6.9527416 2.88132878887605 -0.718711268735522 -0.468232589279053 0 0
7.0067777 2.94173585912398 -0.749261808327589 -0.468232589279053 0.0676930543357716 0.0676930543357716
7.0598137 2.94173585912398 -0.749261808327589 -0.468232589279053 0 0
7.1138498 2.99802863463423 -0.77816276680438 -0.474313531996963 0.0647498780603033 0.061806701784835
7.1668846 3.05006317501302 -0.80568223705656 -0.486475417432783 0.061806701784835 0.0559203492338983
7.2199212 3.05006317501302 -0.80568223705656 -0.486475417432783 0 0
7.2929717 3.05006317501302 -0.80568223705656 -0.486475417432783 0 0
7.3460037 3.10175918679308 -0.83383249462959 -0.498637302868602 0.061806701784835 0.0559203492338983
7.3990397 3.15054153179406 -0.86117053176919 -0.510799188304422 0.0588635255093666 0.05297717295843
7.4530752 3.15054153179406 -0.86117053176919 -0.510799188304422 0 0
7.5071107 3.19864454798819 -0.889686935670608 -0.535122959176061 0.061806701784835 0.0500339966829617
7.5611485 3.19864454798819 -0.889686935670608 -0.535122959176061 0 0
7.6141833 3.2463972020448 -0.918786239596825 -0.54728484461188 0.0588635255093666 0.05297717295843
7.6802286 3.2463972020448 -0.918786239596825 -0.54728484461188 0 0
7.7342647 3.29878140234331 -0.951588128941874 -0.5594467300477 0.0647498780603033 0.0588635255093666
7.7872995 3.3522076395692 -0.985496522466305 -0.56552767276561 0.0647498780603033 0.061806701784835
7.8403349 3.3522076395692 -0.985496522466305 -0.56552767276561 0 0
7.8983777 3.3522076395692 -0.985496522466305 -0.56552767276561 0 0
7.9514085 3.40936128869457 -1.02177061786453 -0.56552767276561 0.0676930543357716 0.0676930543357716
8.0044554 3.46606956051515 -1.05873710961625 -0.577689558201429 0.07063623061124 0.0647498780603033
8.0674861 3.46606956051515 -1.05873710961625 -0.577689558201429 0 0
8.1215244 3.52232406733118 -1.09639053002119 -0.589851443637249 0.07063623061124 0.0647498780603033
8.1755594 3.52232406733118 -1.09639053002119 -0.589851443637249 0 0
8.2295949 3.57569073111445 -1.13305858022116 -0.602013329073068 0.0676930543357716 0.061806701784835
8.3066486 3.62620219856962 -1.16867683454454 -0.614175214508888 0.0647498780603033 0.0588635255093666
8.3616831 3.62620219856962 -1.16867683454454 -0.614175214508888 0 0
8.4147168 3.67529866607789 -1.20374623455391 -0.620256157226798 0.061806701784835 0.0588635255093666
8.4847659 3.72418097214938 -1.23911353713612 -0.626337099944707 0.061806701784835 0.0588635255093666
8.5388025 3.72418097214938 -1.23911353713612 -0.626337099944707 0 0
8.5928369 3.77284730922638 -1.27477743448788 -0.632418042662617 0.061806701784835 0.0588635255093666
8.6458717 3.77284730922638 -1.27477743448788 -0.632418042662617 0 0
8.711917 3.8208549741665 -1.31132315989873 -0.650660870816347 0.0647498780603033 0.0559203492338983
8.7649513 3.8208549741665 -1.31132315989873 -0.650660870816347 0 0
8.8189873 3.8686395204057 -1.34816013968158 -0.656741813534256 0.061806701784835 0.0588635255093666
8.8770272 3.91619918097896 -1.38528701168779 -0.662822756252166 0.061806701784835 0.0588635255093666
8.9300638 3.91619918097896 -1.38528701168779 -0.662822756252166 0 0
8.9840987 3.91619918097896 -1.38528701168779 -0.662822756252166 0 0
9.0381348 3.96491883327351 -1.42331941715756 -0.662822756252166 0.061806701784835 0.061806701784835
9.0911691 4.01317234815947 -1.46194151817071 -0.674984641687986 0.0647498780603033 0.0588635255093666
9.1452058 4.01317234815947 -1.46194151817071 -0.674984641687986 0 0
9.1992419 4.06184522393631 -1.50237780310315 -0.693227469841715 0.0676930543357716 0.0588635255093666
9.2532785 4.06184522393631 -1.50237780310315 -0.693227469841715 0 0
9.3173201 4.11200153903045 -1.54561698257727 -0.711470297995444 0.07063623061124 0.061806701784835
9.3793621 4.16104326934472 -1.58789529139641 -0.711470297995444 0.0647498780603033 0.0647498780603033
9.4334324 4.16104326934472 -1.58789529139641 -0.711470297995444 0 0
9.486473 4.21231416921873 -1.63209534152551 -0.711470297995444 0.0676930543357716 0.0676930543357716
9.5395033 4.21231416921873 -1.63209534152551 -0.711470297995444 0 0
9.5935411 4.25998918120783 -1.67370345620719 -0.717551240713354 0.0647498780603033 0.061806701784835
9.6475766 4.25998918120783 -1.67370345620719 -0.717551240713354 0 0
9.7056159 4.30655547198788 -1.71434394031488 -0.717551240713354 0.061806701784835 0.061806701784835
9.7586508 4.30655547198788 -1.71434394031488 -0.717551240713354 0 0
9.8116856 4.35177095423657 -1.75429248351519 -0.723632183431264 0.061806701784835 0.0588635255093666
9.864721 4.35177095423657 -1.75429248351519 -0.723632183431264 0 0
9.9277643 4.39674267719611 -1.79451523917488 -0.729713126149174 0.061806701784835 0.0588635255093666
9.9807991 4.39674267719611 -1.79451523917488 -0.729713126149174 0 0
10.0438412 4.44146897791338 -1.8350107199469 -0.735794068867084 0.061806701784835 0.0588635255093666
10.0968778 4.48377848423735 -1.87378880847497 -0.741875011584994 0.0588635255093666 0.0559203492338983
10.1489108 4.48377848423735 -1.87378880847497 -0.741875011584994 0 0
10.202948 4.52800898797242 -1.91482523714695 -0.747955954302903 0.061806701784835 0.0588635255093666
10.2559834 4.52800898797242 -1.91482523714695 -0.747955954302903 0 0
10.3090177 4.57198913530103 -1.95612986860352 -0.754036897020813 0.061806701784835 0.0588635255093666
10.363055 4.57198913530103 -1.95612986860352 -0.754036897020813 0 0
10.4160898 4.61864476600346 -2.00102751701168 -0.766198782456633 0.0676930543357716 0.061806701784835
10.4801326 4.66684665396082 -2.04855569394549 -0.778360667892452 0.07063623061124 0.0647498780603033
10.5421746 4.66684665396082 -2.04855569394549 -0.778360667892452 0 0
10.5952088 4.71446695916302 -2.09666656732932 -0.790522553328272 0.07063623061124 0.0647498780603033
10.6482448 4.71446695916302 -2.09666656732932 -0.790522553328272 0 0
10.7012803 4.75870729144673 -2.14190963281953 -0.796603496046182 0.0647498780603033 0.061806701784835
10.7543145 4.75870729144673 -2.14190963281953 -0.796603496046182 0 0
10.8073505 4.8013781516675 -2.18662278606932 -0.808765381482001 0.0647498780603033 0.0588635255093666
10.8603865 4.8013781516675 -2.18662278606932 -0.808765381482001 0 0
10.9134225 4.84276684615085 -2.2305238328424 -0.814846324199911 0.061806701784835 0.0588635255093666
10.9724619 4.88188191626678 -2.27252199667244 -0.820927266917821 0.0588635255093666 0.0559203492338983
11.0264997 4.88188191626678 -2.27252199667244 -0.820927266917821 0 0
11.0805329 4.91949354954624 -2.31390376198632 -0.83308915235364 0.0588635255093666 0.05297717295843
11.1365715 4.91949354954624 -2.31390376198632 -0.83308915235364 0 0
11.190607 4.95855205884712 -2.35794178517747 -0.84525103778946 0.061806701784835 0.0559203492338983
11.2436442 4.95855205884712 -2.35794178517747 -0.84525103778946 0 0
11.2966779 4.99899810982064 -2.40467705393852 -0.857412923225279 0.0647498780603033 0.0588635255093666
11.3507151 4.99899810982064 -2.40467705393852 -0.857412923225279 0 0
11.4037494 5.03575726707373 -2.44875197689151 -0.875655751379009 0.061806701784835 0.05297717295843
11.4567848 5.03575726707373 -2.44875197689151 -0.875655751379009 0 0
11.5098202 5.07411903501457 -2.49532128759354 -0.881736694096919 0.061806701784835 0.0588635255093666
11.5668583 5.07411903501457 -2.49532128759354 -0.881736694096919 0 0
11.6208944 5.11219691012393 -2.54212301155713 -0.887817636814828 0.061806701784835 0.0588635255093666
11.6879397 5.11219691012393 -2.54212301155713 -0.887817636814828 0 0
11.7409746 5.15061756347848 -2.59053707750215 -0.899979522250648 0.0647498780603033 0.0588635255093666
11.7950107 5.19146635810619 -2.64265865233332 -0.906060464968558 0.0676930543357716 0.0647498780603033
11.8500468 5.19146635810619 -2.64265865233332 -0.906060464968558 0 0
11.9030823 5.19146635810619 -2.64265865233332 -0.906060464968558 0 0
11.9601226 5.19146635810619 -2.64265865233332 -0.906060464968558 0 0
12.0131558 5.26681641268939 -2.74250165121031 -0.924303293122287 0.129499756120607 0.120670227294202
12.0721958 5.26681641268939 -2.74250165121031 -0.924303293122287 0 0
12.1262324 5.30170122817356 -2.78991435292648 -0.936465178558107 0.061806701784835 0.0559203492338983
12.1802679 5.30170122817356 -2.78991435292648 -0.936465178558107 0 0
12.2353058 5.33716198298929 -2.8387289082016 -0.942546121276016 0.061806701784835 0.0588635255093666
12.2883407 5.37348763426393 -2.88873406238587 -0.942546121276016 0.061806701784835 0.061806701784835
12.3413749 5.37348763426393 -2.88873406238587 -0.942546121276016 0 0
12.3954133 5.40865089676516 -2.93776334862459 -0.948627063993926 0.061806701784835 0.0588635255093666
12.4494483 5.40865089676516 -2.93776334862459 -0.948627063993926 0 0
12.502482 5.44291392501523 -2.98742591837227 -0.966869892147656 0.0647498780603033 0.0559203492338983
12.5555185 5.44291392501523 -2.98742591837227 -0.966869892147656 0 0
12.609554 5.47687432639977 -3.03729592014297 -0.972950834865565 0.061806701784835 0.0588635255093666
12.6735979 5.50941226937797 -3.08634892109235 -0.985112720301385 0.061806701784835 0.0559203492338983
12.7276323 5.50941226937797 -3.08634892109235 -0.985112720301385 0 0
12.7886759 5.52745081727296 -3.10771202373336 -0.869574808661099 0 0.0559203492338983
12.8417091 5.5448515594063 -3.13501313818708 -1.00335554845511 0.0647498780603033 0
12.8947456 5.57634668745896 -3.18647557932384 -1.02159837660884 0.0647498780603033 0.0559203492338983
12.9497835 5.57634668745896 -3.18647557932384 -1.02159837660884 0 0
13.0038185 5.60838810494561 -3.24104195670929 -1.03984120476257 0.0676930543357716 0.0588635255093666
13.0568533 5.60838810494561 -3.24104195670929 -1.03984120476257 0 0
13.1098887 5.64049320040474 -3.2972719269599 -1.05200309019839 0.0676930543357716 0.061806701784835
13.1629236 5.67153389650251 -3.35241371838247 -1.0580840329163 0.0647498780603033 0.061806701784835
13.2169602 5.67153389650251 -3.35241371838247 -1.0580840329163 0 0
13.2800029 5.67153389650251 -3.35241371838247 -1.0580840329163 0 0
13.3330378 5.70081057597813 -3.40516977943417 -1.06416497563421 0.061806701784835 0.0588635255093666
13.3900758 5.72976590955272 -3.45810289379931 -1.07024591835212 0.061806701784835 0.0588635255093666
13.4431118 5.72976590955272 -3.45810289379931 -1.07024591835212 0 0
13.4961472 5.75839882652317 -3.5112111041304 -1.07632686107003 0.061806701784835 0.0588635255093666
13.5491821 5.75839882652317 -3.5112111041304 -1.07632686107003 0 0
13.6022181 5.78633337966508 -3.56302399225829 -1.07632686107003 0.0588635255093666 0.0588635255093666
13.6582538 5.81399274202229 -3.61664568201907 -1.09456968922376 0.0647498780603033 0.0559203492338983
13.7112904 5.81399274202229 -3.61664568201907 -1.09456968922376 0 0
13.7643246 5.81399274202229 -3.61664568201907 -1.09456968922376 0 0
13.8193631 5.83936804725972 -3.66812313688406 -1.11281251737749 0.061806701784835 0.05297717295843
13.8854072 5.85453906008518 -3.6916095528401 -0.997274605737205 0 0.0559203492338983
13.9384409 5.86786457300473 -3.71949230381289 -1.12497440281331 0.061806701784835 0
13.9944795 5.86786457300473 -3.71949230381289 -1.12497440281331 0 0
14.0485161 5.89288367810772 -3.77439558530548 -1.14321723096704 0.0647498780603033 0.0559203492338983
14.1015521 5.91689708456211 -3.82974612504327 -1.16146005912077 0.0647498780603033 0.0559203492338983
14.1545864 5.91689708456211 -3.82974612504327 -1.16146005912077 0 0
14.2076212 5.93966633355619 -3.88402757616275 -1.17362194455659 0.061806701784835 0.0559203492338983
14.2736671 5.93966633355619 -3.88402757616275 -1.17362194455659 0 0
14.3267053 5.96378798728604 -3.94252789921197 -1.1797028872745 0.0647498780603033 0.061806701784835
14.3827393 5.98644808928344 -3.99844610480081 -1.18578382999241 0.061806701784835 0.0588635255093666
14.4367748 5.98644808928344 -3.99844610480081 -1.18578382999241 0 0
14.5038202 6.00072939634472 -4.02418076872846 -1.06416497563421 0 0.0588635255093666
14.5608588 6.01216141205914 -4.05289184869918 -1.19186477271032 0.061806701784835 0
14.6138931 6.03482151405655 -4.10881005428802 -1.18578382999241 0.0588635255093666 0.061806701784835
14.6749345 6.05626382832824 -4.16362922788692 -1.19794571542823 0.061806701784835 0.0559203492338983
14.7279693 6.05626382832824 -4.16362922788692 -1.19794571542823 0 0
14.7840067 6.07703786876392 -4.21870511988486 -1.21010760086405 0.061806701784835 0.0559203492338983
14.8380434 6.07703786876392 -4.21870511988486 -1.21010760086405 0 0
14.8970822 6.09798758245731 -4.27528634852982 -1.21618854358196 0.061806701784835 0.0588635255093666
14.9501177 6.09798758245731 -4.27528634852982 -1.21618854358196 0 0
15.0051584 6.11775348187609 -4.33073203236146 -1.22835042901778 0.061806701784835 0.0559203492338983
15.076203 6.13779811859017 -4.38919809879765 -1.2405123144536 0.0647498780603033 0.0588635255093666
15.1302379 6.13779811859017 -4.38919809879765 -1.2405123144536 0 0
15.1892779 6.15701807857969 -4.44639004820322 -1.24659325717151 0.061806701784835 0.0588635255093666
15.2423128 6.15701807857969 -4.44639004820322 -1.24659325717151 0 0
15.2963494 6.17588990438888 -4.50369781494942 -1.25267419988942 0.061806701784835 0.0588635255093666
15.3493843 6.17588990438888 -4.50369781494942 -1.25267419988942 0 0
15.4084249 6.19441289818006 -4.56111927992394 -1.25875514260733 0.061806701784835 0.0588635255093666
15.4834744 6.20677997338985 -4.58782665923385 -1.13713628824913 0 0.0588635255093666
15.535508 6.21634368882885 -4.61875677440027 -1.27091702804315 0.0647498780603033 0
15.5885434 6.21634368882885 -4.61875677440027 -1.27091702804315 0 0
15.6415788 6.23311250730728 -4.67671479943258 -1.28915985619688 0.0647498780603033 0.0559203492338983
15.6946137 6.2503293624511 -4.73760586507017 -1.29524079891479 0.0647498780603033 0.061806701784835
15.7496516 6.2503293624511 -4.73760586507017 -1.29524079891479 0 0
15.8026859 6.2656549903264 -4.79443930386829 -1.30740268435061 0.061806701784835 0.0559203492338983
15.855723 6.2656549903264 -4.79443930386829 -1.30740268435061 0 0
15.9087573 6.28021433680793 -4.84843107072651 -1.30740268435061 0.0559203492338983 0.0559203492338983
15.9617927 6.28021433680793 -4.84843107072651 -1.30740268435061 0 0
16.0268361 6.29484764654695 -4.90544669035371 -1.31956456978642 0.061806701784835 0.0559203492338983
16.0808722 6.29484764654695 -4.90544669035371 -1.31956456978642 0 0
16.1339076 6.30948095628597 -4.96246230998091 -1.31956456978642 0.0588635255093666 0.0588635255093666
16.1909469 6.32412444720646 -5.02099344795438 -1.32564551250433 0.061806701784835 0.0588635255093666
16.2439828 6.32412444720646 -5.02099344795438 -1.32564551250433 0 0
16.2980178 6.33839479388307 -5.08113017210235 -1.33780739794015 0.0647498780603033 0.0588635255093666
16.3510538 6.33839479388307 -5.08113017210235 -1.33780739794015 0 0
16.4030874 6.35128806378387 -5.13856429285524 -1.34996928337597 0.061806701784835 0.0559203492338983
16.4561228 6.35128806378387 -5.13856429285524 -1.34996928337597 0 0
16.5091576 6.36414543835851 -5.19751354100868 -1.35605022609388 0.061806701784835 0.0588635255093666
16.5661957 6.37528675019965 -5.25531307219925 -1.38037399696552 0.0647498780603033 0.05297717295843
16.6192329 6.37528675019965 -5.25531307219925 -1.38037399696552 0 0
16.6752703 6.37528675019965 -5.25531307219925 -1.38037399696552 0 0
16.727305 6.3850190024234 -5.31336647780173 -1.40469776783716 0.0647498780603033 0.05297717295843
16.7843431 6.39390742651239 -5.373043289513 -1.42294059599089 0.0647498780603033 0.0559203492338983
16.8463846 6.39390742651239 -5.373043289513 -1.42294059599089 0 0
16.89942 6.40132535174635 -5.42995382334017 -1.44118342414462 0.061806701784835 0.05297717295843
16.9524554 6.40132535174635 -5.42995382334017 -1.44118342414462 0 0
17.0054902 6.40839707226778 -5.48690841265601 -1.44726436686253 0.0588635255093666 0.0559203492338983
17.0685335 6.41477744174382 -5.54098205198476 -1.45334530958044 0.0559203492338983 0.05297717295843
17.1215678 6.41477744174382 -5.54098205198476 -1.45334530958044 0 0
17.1746032 6.41477744174382 -5.54098205198476 -1.45334530958044 0 0
17.2386465 6.42115598116279 -5.598018432569 -1.45942625229835 0.0588635255093666 0.0559203492338983
17.2996873 6.42749688206314 -5.65801942351565 -1.46550719501626 0.061806701784835 0.0588635255093666
17.3527221 6.42749688206314 -5.65801942351565 -1.46550719501626 0 0
17.4057575 6.43347280538704 -5.71805786352899 -1.47158813773417 0.061806701784835 0.0588635255093666
17.4698009 6.43959448293835 -5.77956065573778 -1.47158813773417 0.061806701784835 0.061806701784835
17.5248371 6.43959448293835 -5.77956065573778 -1.47158813773417 0 0
17.5788737 6.43959448293835 -5.77956065573778 -1.47158813773417 0 0
17.6329092 6.44471186708138 -5.83820131582039 -1.48375002316999 0.061806701784835 0.0559203492338983
17.6889467 6.44911570936054 -5.89689987464914 -1.49591190860581 0.061806701784835 0.0559203492338983
17.7419815 6.44911570936054 -5.89689987464914 -1.49591190860581 0 0
17.7950169 6.45245433625905 -5.94534738329661 -1.50199285132372 0.0500339966829617 0.0470908204074933
17.8800743 6.45245433625905 -5.94534738329661 -1.50199285132372 0 0
17.9331416 6.45365347219854 -5.96444041033168 -1.50807379404163 0.0206022339282783 0.01765905765281
17.9861776 6.45365347219854 -5.96444041033168 -1.50807379404163 0 0
18.0392125 6.45365347219854 -5.96444041033168 -1.50807379404163 0 0
18.0932554 6.45365347219854 -5.96444041033168 -1.50807379404163 0 0
18.146284 6.45365347219854 -5.96444041033168 -1.50807379404163 0 0
18.1993194 6.45365347219854 -5.96444041033168 -1.50807379404163 0 0
18.2573582 6.45365347219854 -5.96444041033168 -1.50807379404163 0 0
18.3113948 6.45365347219854 -5.96444041033168 -1.50807379404163 0 0
18.3654309 6.45365347219854 -5.96444041033168 -1.50807379404163 0 0
18.418464 6.45365347219854 -5.96444041033168 -1.50807379404163 0 0
18.4775063 6.45365347219854 -5.96444041033168 -1.50807379404163 0 0
18.5315413 6.45365347219854 -5.96444041033168 -1.50807379404163 0 0
18.5855768 6.45365347219854 -5.96444041033168 -1.50807379404163 0 0
18.6386122 6.45365347219854 -5.96444041033168 -1.50807379404163 0 0
18.6936495 6.45365347219854 -5.96444041033168 -1.50807379404163 0 0
18.7466838 6.45365347219854 -5.96444041033168 -1.50807379404163 0 0
18.8007193 6.45365347219854 -5.96444041033168 -1.50807379404163 0 0
18.8627613 6.45365347219854 -5.96444041033168 -1.50807379404163 0 0
18.9158001 6.45365347219854 -5.96444041033168 -1.50807379404163 0 0
18.9688316 6.45365347219854 -5.96444041033168 -1.50807379404163 0 0
19.0218681 6.45365347219854 -5.96444041033168 -1.50807379404163 0 0
19.0849108 6.45365347219854 -5.96444041033168 -1.50807379404163 0 0
19.1389469 6.45365347219854 -5.96444041033168 -1.50807379404163 0 0
19.1919817 6.45365347219854 -5.96444041033168 -1.50807379404163 0 0
19.2450183 6.45365347219854 -5.96444041033168 -1.50807379404163 0 0
19.3070592 6.45365347219854 -5.96444041033168 -1.50807379404163 0 0
19.3610958 6.45365347219854 -5.96444041033168 -1.50807379404163 0 0
19.4161337 6.45365347219854 -5.96444041033168 -1.50807379404163 0 0
19.4991897 6.45365347219854 -5.96444041033168 -1.50807379404163 0 0
19.5522229 6.45365347219854 -5.96444041033168 -1.50807379404163 0 0
19.6052572 6.45365347219854 -5.96444041033168 -1.50807379404163 0 0
19.6582931 6.45365347219854 -5.96444041033168 -1.50807379404163 0 0
19.7123321 6.45365347219854 -5.96444041033168 -1.50807379404163 0 0
19.7693736 6.45365347219854 -5.96444041033168 -1.50807379404163 0 0
19.8224022 6.45365347219854 -5.96444041033168 -1.50807379404163 0 0
19.884443 6.45365347219854 -5.96444041033168 -1.50807379404163 0 0
19.9374802 6.45365347219854 -5.96444041033168 -1.50807379404163 0 0
19.9905161 6.45365347219854 -5.96444041033168 -1.50807379404163 0 0
20.0445517 6.45365347219854 -5.96444041033168 -1.50807379404163 0 0
20.0985866 6.45365347219854 -5.96444041033168 -1.50807379404163 0 0
20.1546252 6.45365347219854 -5.96444041033168 -1.50807379404163 0 0
20.2086618 6.45365347219854 -5.96444041033168 -1.50807379404163 0 0
20.2616972 6.45365347219854 -5.96444041033168 -1.50807379404163 0 0
20.3147315 6.45365347219854 -5.96444041033168 -1.50807379404163 0 0
20.3747716 6.45365347219854 -5.96444041033168 -1.50807379404163 0 0
20.4278093 6.45365347219854 -5.96444041033168 -1.50807379404163 0 0
20.5008564 6.45365347219854 -5.96444041033168 -1.50807379404163 0 0
20.5538912 6.45365347219854 -5.96444041033168 -1.50807379404163 0 0
20.6079279 6.45365347219854 -5.96444041033168 -1.50807379404163 0 0
20.6609622 6.45365347219854 -5.96444041033168 -1.50807379404163 0 0
20.7139987 6.45365347219854 -5.96444041033168 -1.50807379404163 0 0
20.7670341 6.45365347219854 -5.96444041033168 -1.50807379404163 0 0
20.820069 6.45365347219854 -5.96444041033168 -1.50807379404163 0 0
20.8841123 6.45365347219854 -5.96444041033168 -1.50807379404163 0 0
20.9371472 6.45365347219854 -5.96444041033168 -1.50807379404163 0 0
20.9901826 6.45365347219854 -5.96444041033168 -1.50807379404163 0 0
21.0462206 6.45365347219854 -5.96444041033168 -1.50807379404163 0 0
21.1092615 6.45365347219854 -5.96444041033168 -1.50807379404163 0 0
21.167302 6.45365347219854 -5.96444041033168 -1.50807379404163 0 0
21.2203357 6.45365347219854 -5.96444041033168 -1.50807379404163 0 0
21.281377 6.45365347219854 -5.96444041033168 -1.50807379404163 0 0
21.334413 6.45365347219854 -5.96444041033168 -1.50807379404163 0 0
21.3884497 6.45365347219854 -5.96444041033168 -1.50807379404163 0 0
21.4414862 6.45365347219854 -5.96444041033168 -1.50807379404163 0 0
21.5135332 6.45365347219854 -5.96444041033168 -1.50807379404163 0 0
21.5665669 6.45365347219854 -5.96444041033168 -1.50807379404163 0 0
21.6206047 6.45365347219854 -5.96444041033168 -1.50807379404163 0 0
21.6766421 6.45365347219854 -5.96444041033168 -1.50807379404163 0 0
21.729677 6.45365347219854 -5.96444041033168 -1.50807379404163 0 0
21.7827107 6.45365347219854 -5.96444041033168 -1.50807379404163 0 0
21.8367485 6.45365347219854 -5.96444041033168 -1.50807379404163 0 0
21.8977898 6.45365347219854 -5.96444041033168 -1.50807379404163 0 0
21.9508252 6.45365347219854 -5.96444041033168 -1.50807379404163 0 0
22.0038595 6.45365347219854 -5.96444041033168 -1.50807379404163 0 0
22.0819116 6.45365347219854 -5.96444041033168 -1.50807379404163 0 0
22.1349465 6.45365347219854 -5.96444041033168 -1.50807379404163 0 0
22.1879813 6.45365347219854 -5.96444041033168 -1.50807379404163 0 0
22.241019 6.45365347219854 -5.96444041033168 -1.50807379404163 0 0
22.3030588 6.45365347219854 -5.96444041033168 -1.50807379404163 0 0
22.3570983 6.45365347219854 -5.96444041033168 -1.50807379404163 0 0
22.4091307 6.45365347219854 -5.96444041033168 -1.50807379404163 0 0
22.465167 6.45365347219854 -5.96444041033168 -1.50807379404163 0 0
22.5212056 6.45365347219854 -5.96444041033168 -1.50807379404163 0 0
22.574241 6.45365347219854 -5.96444041033168 -1.50807379404163 0 0
22.6272776 6.45365347219854 -5.96444041033168 -1.50807379404163 0 0
22.6813119 6.45365347219854 -5.96444041033168 -1.50807379404163 0 0
22.7353474 6.45365347219854 -5.96444041033168 -1.50807379404163 0 0
22.7873822 6.45365347219854 -5.96444041033168 -1.50807379404163 0 0
22.8414194 6.45365347219854 -5.96444041033168 -1.50807379404163 0 0
22.8954549 6.45365347219854 -5.96444041033168 -1.50807379404163 0 0
22.9484909 6.45365347219854 -5.96444041033168 -1.50807379404163 0 0
23.0015263 6.45365347219854 -5.96444041033168 -1.50807379404163 0 0
23.0545623 6.45365347219854 -5.96444041033168 -1.50807379404163 0 0
23.1065954 6.45365347219854 -5.96444041033168 -1.50807379404163 0 0
23.1586313 6.45365347219854 -5.96444041033168 -1.50807379404163 0 0
23.2116661 6.45365347219854 -5.96444041033168 -1.50807379404163 0 0
23.2737075 6.45365347219854 -5.96444041033168 -1.50807379404163 0 0
23.3297558 6.45365347219854 -5.96444041033168 -1.50807379404163 0 0
23.3817797 6.45365347219854 -5.96444041033168 -1.50807379404163 0 0
23.4438206 6.45365347219854 -5.96444041033168 -1.50807379404163 0 0
23.5098664 6.45365347219854 -5.96444041033168 -1.50807379404163 0 0
23.5639008 6.45365347219854 -5.96444041033168 -1.50807379404163 0 0
23.617938 6.45365347219854 -5.96444041033168 -1.50807379404163 0 0
23.6949889 6.45365347219854 -5.96444041033168 -1.50807379404163 0 0
23.747023 6.45365347219854 -5.96444041033168 -1.50807379404163 0 0
23.7990589 6.45365347219854 -5.96444041033168 -1.50807379404163 0 0
23.8510943 6.45365347219854 -5.96444041033168 -1.50807379404163 0 0
23.9041291 6.45365347219854 -5.96444041033168 -1.50807379404163 0 0
23.9561633 6.45365347219854 -5.96444041033168 -1.50807379404163 0 0
24.0081997 6.45365347219854 -5.96444041033168 -1.50807379404163 0 0
24.0672375 6.45365347219854 -5.96444041033168 -1.50807379404163 0 0
24.1192711 6.45365347219854 -5.96444041033168 -1.50807379404163 0 0
24.1713064 6.45365347219854 -5.96444041033168 -1.50807379404163 0 0
24.2243435 6.45365347219854 -5.96444041033168 -1.50807379404163 0 0
24.2843836 6.45365347219854 -5.96444041033168 -1.50807379404163 0 0
24.3364172 6.45365347219854 -5.96444041033168 -1.50807379404163 0 0
24.3894538 6.45365347219854 -5.96444041033168 -1.50807379404163 0 0
24.4414874 6.45365347219854 -5.96444041033168 -1.50807379404163 0 0
24.5005285 6.45365347219854 -5.96444041033168 -1.50807379404163 0 0
24.5695735 6.45365347219854 -5.96444041033168 -1.50807379404163 0 0
24.6226083 6.45365347219854 -5.96444041033168 -1.50807379404163 0 0
24.6756438 6.45365347219854 -5.96444041033168 -1.50807379404163 0 0
24.7276779 6.45365347219854 -5.96444041033168 -1.50807379404163 0 0
24.7807134 6.45365347219854 -5.96444041033168 -1.50807379404163 0 0
24.8327487 6.45365347219854 -5.96444041033168 -1.50807379404163 0 0
24.884784 6.45365347219854 -5.96444041033168 -1.50807379404163 0 0
24.9369026 6.45365347219854 -5.96444041033168 -1.50807379404163 0 0
24.9899385 6.45365347219854 -5.96444041033168 -1.50807379404163 0 0
25.042974 6.45365347219854 -5.96444041033168 -1.50807379404163 0 0
25.0960088 6.45365347219854 -5.96444041033168 -1.50807379404163 0 0
25.1490454 6.45365347219854 -5.96444041033168 -1.50807379404163 0 0
25.2020871 6.45365347219854 -5.96444041033168 -1.50807379404163 0 0
25.2541155 6.45365347219854 -5.96444041033168 -1.50807379404163 0 0
25.3061491 6.45365347219854 -5.96444041033168 -1.50807379404163 0 0
25.361187 6.45365347219854 -5.96444041033168 -1.50807379404163 0 0
25.4132212 6.45365347219854 -5.96444041033168 -1.50807379404163 0 0
25.4722612 6.45365347219854 -5.96444041033168 -1.50807379404163 0 0
25.5242948 6.45365347219854 -5.96444041033168 -1.50807379404163 0 0
25.5763319 6.45365347219854 -5.96444041033168 -1.50807379404163 0 0
25.6293661 6.45365347219854 -5.96444041033168 -1.50807379404163 0 0
25.6844023 6.45365347219854 -5.96444041033168 -1.50807379404163 0 0
25.7374406 6.45365347219854 -5.96444041033168 -1.50807379404163 0 0
25.7894725 6.45365347219854 -5.96444041033168 -1.50807379404163 0 0
25.8415072 6.45365347219854 -5.96444041033168 -1.50807379404163 0 0
25.8975464 6.45365347219854 -5.96444041033168 -1.50807379404163 0 0
25.94958 6.45365347219854 -5.96444041033168 -1.50807379404163 0 0
26.0026137 6.45365347219854 -5.96444041033168 -1.50807379404163 0 0
26.0716615 6.45365347219854 -5.96444041033168 -1.50807379404163 0 0
26.1236957 6.45365347219854 -5.96444041033168 -1.50807379404163 0 0
26.1807338 6.45365347219854 -5.96444041033168 -1.50807379404163 0 0
26.2327697 6.45365347219854 -5.96444041033168 -1.50807379404163 0 0
26.2898072 6.45365347219854 -5.96444041033168 -1.50807379404163 0 0
26.3418414 6.45365347219854 -5.96444041033168 -1.50807379404163 0 0
26.3938761 6.45365347219854 -5.96444041033168 -1.50807379404163 0 0
26.445912 6.45365347219854 -5.96444041033168 -1.50807379404163 0 0
26.5069516 6.45365347219854 -5.96444041033168 -1.50807379404163 0 0
26.5639891 6.45365347219854 -5.96444041033168 -1.50807379404163 0 0
26.6170263 6.45365347219854 -5.96444041033168 -1.50807379404163 0 0
26.6750633 6.45365347219854 -5.96444041033168 -1.50807379404163 0 0
26.7271003 6.45365347219854 -5.96444041033168 -1.50807379404163 0 0
26.7891401 6.45365347219854 -5.96444041033168 -1.50807379404163 0 0
26.8411742 6.45365347219854 -5.96444041033168 -1.50807379404163 0 0
26.8942102 6.45365347219854 -5.96444041033168 -1.50807379404163 0 0
26.9472462 6.45365347219854 -5.96444041033168 -1.50807379404163 0 0
26.9992815 6.45365347219854 -5.96444041033168 -1.50807379404163 0 0
27.0523152 6.45365347219854 -5.96444041033168 -1.50807379404163 0 0
27.1043506 6.45365347219854 -5.96444041033168 -1.50807379404163 0 0
27.1563859 6.45365347219854 -5.96444041033168 -1.50807379404163 0 0
27.2084212 6.45365347219854 -5.96444041033168 -1.50807379404163 0 0
27.261456 6.45365347219854 -5.96444041033168 -1.50807379404163 0 0
27.3134908 6.45365347219854 -5.96444041033168 -1.50807379404163 0 0
27.3665245 6.45365347219854 -5.96444041033168 -1.50807379404163 0 0
27.4195668 6.45365347219854 -5.96444041033168 -1.50807379404163 0 0
27.472597 6.45365347219854 -5.96444041033168 -1.50807379404163 0 0
27.5256319 6.45365347219854 -5.96444041033168 -1.50807379404163 0 0
27.5786667 6.45365347219854 -5.96444041033168 -1.50807379404163 0 0
27.6317027 6.45365347219854 -5.96444041033168 -1.50807379404163 0 0
27.684737 6.45365347219854 -5.96444041033168 -1.50807379404163 0 0
27.7367723 6.45365347219854 -5.96444041033168 -1.50807379404163 0 0
27.7888088 6.45365347219854 -5.96444041033168 -1.50807379404163 0 0
27.840843 6.45365347219854 -5.96444041033168 -1.50807379404163 0 0
27.893879 6.45365347219854 -5.96444041033168 -1.50807379404163 0 0
27.9469132 6.45365347219854 -5.96444041033168 -1.50807379404163 0 0
28.0019511 6.45365347219854 -5.96444041033168 -1.50807379404163 0 0
28.0549865 6.45365347219854 -5.96444041033168 -1.50807379404163 0 0
28.1080493 6.45365347219854 -5.96444041033168 -1.50807379404163 0 0
28.1630889 6.45365347219854 -5.96444041033168 -1.50807379404163 0 0
28.2161221 6.45365347219854 -5.96444041033168 -1.50807379404163 0 0
28.2691581 6.45365347219854 -5.96444041033168 -1.50807379404163 0 0
28.3221923 6.45365347219854 -5.96444041033168 -1.50807379404163 0 0
28.3752306 6.45365347219854 -5.96444041033168 -1.50807379404163 0 0
28.4282649 6.45365347219854 -5.96444041033168 -1.50807379404163 0 0
28.4812986 6.45365347219854 -5.96444041033168 -1.50807379404163 0 0
28.533335 6.45365347219854 -5.96444041033168 -1.50807379404163 0 0
28.5853681 6.45365347219854 -5.96444041033168 -1.50807379404163 0 0
28.6384052 6.45365347219854 -5.96444041033168 -1.50807379404163 0 0
28.6904417 6.45365347219854 -5.96444041033168 -1.50807379404163 0 0
28.7434737 6.45365347219854 -5.96444041033168 -1.50807379404163 0 0
28.7965102 6.45365347219854 -5.96444041033168 -1.50807379404163 0 0
28.8475443 6.45365347219854 -5.96444041033168 -1.50807379404163 0 0
28.9005809 6.45365347219854 -5.96444041033168 -1.50807379404163 0 0
28.9536163 6.45365347219854 -5.96444041033168 -1.50807379404163 0 0
29.0066494 6.45365347219854 -5.96444041033168 -1.50807379404163 0 0
29.0636892 6.45365347219854 -5.96444041033168 -1.50807379404163 0 0
29.1167229 6.45365347219854 -5.96444041033168 -1.50807379404163 0 0
29.1697583 6.45365347219854 -5.96444041033168 -1.50807379404163 0 0
29.2227943 6.45365347219854 -5.96444041033168 -1.50807379404163 0 0
29.2859368 6.45365347219854 -5.96444041033168 -1.50807379404163 0 0
29.337971 6.45365347219854 -5.96444041033168 -1.50807379404163 0 0
29.3910075 6.45365347219854 -5.96444041033168 -1.50807379404163 0 0
29.4430411 6.45365347219854 -5.96444041033168 -1.50807379404163 0 0
29.5050831 6.45365347219854 -5.96444041033168 -1.50807379404163 0 0
29.5581185 6.45365347219854 -5.96444041033168 -1.50807379404163 0 0
29.6121541 6.45365347219854 -5.96444041033168 -1.50807379404163 0 0
29.6651969 6.45365347219854 -5.96444041033168 -1.50807379404163 0 0
29.7182266 6.45365347219854 -5.96444041033168 -1.50807379404163 0 0
29.7712615 6.45365347219854 -5.96444041033168 -1.50807379404163 0 0
29.8292991 6.45365347219854 -5.96444041033168 -1.50807379404163 0 0
29.8823345 6.45365347219854 -5.96444041033168 -1.50807379404163 0 0
29.9343698 6.45365347219854 -5.96444041033168 -1.50807379404163 0 0
29.9864051 6.45365347219854 -5.96444041033168 -1.50807379404163 0 0
30.03944 6.45365347219854 -5.96444041033168 -1.50807379404163 0 0
30.0924754 6.45365347219854 -5.96444041033168 -1.50807379404163 0 0
30.1455114 6.45365347219854 -5.96444041033168 -1.50807379404163 0 0
30.1975461 6.45365347219854 -5.96444041033168 -1.50807379404163 0 0
30.2505815 6.45365347219854 -5.96444041033168 -1.50807379404163 0 0
30.3026157 6.45365347219854 -5.96444041033168 -1.50807379404163 0 0
30.3556511 6.45365347219854 -5.96444041033168 -1.50807379404163 0 0
30.4076865 6.45365347219854 -5.96444041033168 -1.50807379404163 0 0
30.4608091 6.45365347219854 -5.96444041033168 -1.50807379404163 0 0
30.5138451 6.45365347219854 -5.96444041033168 -1.50807379404163 0 0
30.5668817 6.45365347219854 -5.96444041033168 -1.50807379404163 0 0
30.6189164 6.45365347219854 -5.96444041033168 -1.50807379404163 0 0
30.6769546 6.45365347219854 -5.96444041033168 -1.50807379404163 0 0
30.7299895 6.45365347219854 -5.96444041033168 -1.50807379404163 0 0
30.7840318 6.45365347219854 -5.96444041033168 -1.50807379404163 0 0
30.8380622 6.45365347219854 -5.96444041033168 -1.50807379404163 0 0
30.8931001 6.45365347219854 -5.96444041033168 -1.50807379404163 0 0
30.9461338 6.45365347219854 -5.96444041033168 -1.50807379404163 0 0
30.9991692 6.45365347219854 -5.96444041033168 -1.50807379404163 0 0
31.071219 6.45365347219854 -5.96444041033168 -1.50807379404163 0 0
31.1232526 6.45365347219854 -5.96444041033168 -1.50807379404163 0 0
31.1752874 6.45365347219854 -5.96444041033168 -1.50807379404163 0 0
31.2273221 6.45365347219854 -5.96444041033168 -1.50807379404163 0 0
31.2833607 6.45365347219854 -5.96444041033168 -1.50807379404163 0 0
31.3363956 6.45365347219854 -5.96444041033168 -1.50807379404163 0 0
31.389431 6.45365347219854 -5.96444041033168 -1.50807379404163 0 0
31.442467 6.45365347219854 -5.96444041033168 -1.50807379404163 0 0
31.5005046 6.45365347219854 -5.96444041033168 -1.50807379404163 0 0
31.5535423 6.45365347219854 -5.96444041033168 -1.50807379404163 0 0
31.6055753 6.45365347219854 -5.96444041033168 -1.50807379404163 0 0
31.6636135 6.45365347219854 -5.96444041033168 -1.50807379404163 0 0
31.7166501 6.45365347219854 -5.96444041033168 -1.50807379404163 0 0
31.7686854 6.45365347219854 -5.96444041033168 -1.50807379404163 0 0
31.8217197 6.45365347219854 -5.96444041033168 -1.50807379404163 0 0
31.8737544 6.45365347219854 -5.96444041033168 -1.50807379404163 0 0
31.9257897 6.45365347219854 -5.96444041033168 -1.50807379404163 0 0
31.978824 6.45365347219854 -5.96444041033168 -1.50807379404163 0 0
32.0318588 6.45365347219854 -5.96444041033168 -1.50807379404163 0 0
32.0848943 6.45365347219854 -5.96444041033168 -1.50807379404163 0 0
32.1379308 6.45365347219854 -5.96444041033168 -1.50807379404163 0 0
32.189965 6.45365347219854 -5.96444041033168 -1.50807379404163 0 0
32.2419998 6.45365347219854 -5.96444041033168 -1.50807379404163 0 0
32.3010397 6.45365347219854 -5.96444041033168 -1.50807379404163 0 0
32.3530739 6.45365347219854 -5.96444041033168 -1.50807379404163 0 0
32.4051075 6.45365347219854 -5.96444041033168 -1.50807379404163 0 0
32.4581447 6.45365347219854 -5.96444041033168 -1.50807379404163 0 0
32.5111801 6.45365347219854 -5.96444041033168 -1.50807379404163 0 0
32.565215 6.45365347219854 -5.96444041033168 -1.50807379404163 0 0
32.6182516 6.45365347219854 -5.96444041033168 -1.50807379404163 0 0
32.6752885 6.45365347219854 -5.96444041033168 -1.50807379404163 0 0
32.728324 6.45365347219854 -5.96444041033168 -1.50807379404163 0 0
32.7803593 6.45365347219854 -5.96444041033168 -1.50807379404163 0 0
32.8333947 6.45365347219854 -5.96444041033168 -1.50807379404163 0 0
32.8894327 6.45365347219854 -5.96444041033168 -1.50807379404163 0 0
32.9454701 6.45365347219854 -5.96444041033168 -1.50807379404163 0 0
32.9985055 6.45365347219854 -5.96444041033168 -1.50807379404163 0 0
33.0505397 6.45365347219854 -5.96444041033168 -1.50807379404163 0 0
33.1025739 6.45365347219854 -5.96444041033168 -1.50807379404163 0 0
33.1546115 6.45365347219854 -5.96444041033168 -1.50807379404163 0 0
33.2066445 6.45365347219854 -5.96444041033168 -1.50807379404163 0 0
33.2626814 6.45365347219854 -5.96444041033168 -1.50807379404163 0 0
33.3157179 6.45365347219854 -5.96444041033168 -1.50807379404163 0 0
33.3687522 6.45365347219854 -5.96444041033168 -1.50807379404163 0 0
33.4207875 6.45365347219854 -5.96444041033168 -1.50807379404163 0 0
33.4768244 6.45365347219854 -5.96444041033168 -1.50807379404163 0 0
33.5288603 6.45365347219854 -5.96444041033168 -1.50807379404163 0 0
33.581894 6.45365347219854 -5.96444041033168 -1.50807379404163 0 0
33.6349288 6.45365347219854 -5.96444041033168 -1.50807379404163 0 0
33.6949695 6.45365347219854 -5.96444041033168 -1.50807379404163 0 0
33.7480049 6.45365347219854 -5.96444041033168 -1.50807379404163 0 0
33.8000414 6.45365347219854 -5.96444041033168 -1.50807379404163 0 0
33.8520755 6.45365347219854 -5.96444041033168 -1.50807379404163 0 0
33.9041091 6.45365347219854 -5.96444041033168 -1.50807379404163 0 0
33.9561439 6.45365347219854 -5.96444041033168 -1.50807379404163 0 0
34.0081786 6.45365347219854 -5.96444041033168 -1.50807379404163 0 0
34.0602134 6.45365347219854 -5.96444041033168 -1.50807379404163 0 0
34.1142506 6.45365347219854 -5.96444041033168 -1.50807379404163 0 0
34.1672849 6.45365347219854 -5.96444041033168 -1.50807379404163 0 0
34.2203209 6.45365347219854 -5.96444041033168 -1.50807379404163 0 0
34.2723556 6.45365347219854 -5.96444041033168 -1.50807379404163 0 0
34.3254783 6.45365347219854 -5.96444041033168 -1.50807379404163 0 0
34.382517 6.45365347219854 -5.96444041033168 -1.50807379404163 0 0
34.4355518 6.45365347219854 -5.96444041033168 -1.50807379404163 0 0
34.4885878 6.45365347219854 -5.96444041033168 -1.50807379404163 0 0
34.5416226 6.45365347219854 -5.96444041033168 -1.50807379404163 0 0
34.5946581 6.45365347219854 -5.96444041033168 -1.50807379404163 0 0
34.6476923 6.45365347219854 -5.96444041033168 -1.50807379404163 0 0
34.7157395 6.45365347219854 -5.96444041033168 -1.50807379404163 0 0
34.7677731 6.45365347219854 -5.96444041033168 -1.50807379404163 0 0
34.8208091 6.45365347219854 -5.96444041033168 -1.50807379404163 0 0
34.8728455 6.45365347219854 -5.96444041033168 -1.50807379404163 0 0
34.9268793 6.45365347219854 -5.96444041033168 -1.50807379404163 0 0
34.9799376 6.45365347219854 -5.96444041033168 -1.50807379404163 0 0
35.0329747 6.45365347219854 -5.96444041033168 -1.50807379404163 0 0
35.08501 6.45365347219854 -5.96444041033168 -1.50807379404163 0 0
35.1370425 6.45365347219854 -5.96444041033168 -1.50807379404163 0 0
35.1890772 6.45365347219854 -5.96444041033168 -1.50807379404163 0 0
35.2421138 6.45365347219854 -5.96444041033168 -1.50807379404163 0 0
35.2951526 6.45365347219854 -5.96444041033168 -1.50807379404163 0 0
35.3471822 6.45365347219854 -5.96444041033168 -1.50807379404163 0 0
35.3992181 6.45365347219854 -5.96444041033168 -1.50807379404163 0 0
35.4512517 6.45365347219854 -5.96444041033168 -1.50807379404163 0 0
35.5032882 6.45365347219854 -5.96444041033168 -1.50807379404163 0 0
35.5553212 6.45365347219854 -5.96444041033168 -1.50807379404163 0 0
35.607368 6.45365347219854 -5.96444041033168 -1.50807379404163 0 0
35.6593913 6.45365347219854 -5.96444041033168 -1.50807379404163 0 0
35.7204326 6.45365347219854 -5.96444041033168 -1.50807379404163 0 0
35.7724674 6.45365347219854 -5.96444041033168 -1.50807379404163 0 0
35.8255028 6.45365347219854 -5.96444041033168 -1.50807379404163 0 0
35.877537 6.45365347219854 -5.96444041033168 -1.50807379404163 0 0
35.9315765 6.45365347219854 -5.96444041033168 -1.50807379404163 0 0
35.9846079 6.45365347219854 -5.96444041033168 -1.50807379404163 0 0
36.0366444 6.45365347219854 -5.96444041033168 -1.50807379404163 0 0
36.0886786 6.45365347219854 -5.96444041033168 -1.50807379404163 0 0
36.1407122 6.45365347219854 -5.96444041033168 -1.50807379404163 0 0
36.1927481 6.45365347219854 -5.96444041033168 -1.50807379404163 0 0
36.245784 6.45365347219854 -5.96444041033168 -1.50807379404163 0 0
36.2978182 6.45365347219854 -5.96444041033168 -1.50807379404163 0 0
36.3498524 6.45365347219854 -5.96444041033168 -1.50807379404163 0 0
36.4018877 6.45365347219854 -5.96444041033168 -1.50807379404163 0 0
36.4549226 6.45365347219854 -5.96444041033168 -1.50807379404163 0 0
36.5079574 6.45365347219854 -5.96444041033168 -1.50807379404163 0 0
36.5629953 6.45365347219854 -5.96444041033168 -1.50807379404163 0 0
36.6160313 6.45365347219854 -5.96444041033168 -1.50807379404163 0 0
36.6780727 6.45365347219854 -5.96444041033168 -1.50807379404163 0 0
36.7301069 6.45365347219854 -5.96444041033168 -1.50807379404163 0 0
36.7821422 6.45365347219854 -5.96444041033168 -1.50807379404163 0 0
36.8351759 6.45365347219854 -5.96444041033168 -1.50807379404163 0 0
36.8872124 6.45365347219854 -5.96444041033168 -1.50807379404163 0 0
36.9442505 6.45365347219854 -5.96444041033168 -1.50807379404163 0 0
36.9972859 6.45365347219854 -5.96444041033168 -1.50807379404163 0 0
37.0503213 6.45365347219854 -5.96444041033168 -1.50807379404163 0 0
37.1023555 6.45365347219854 -5.96444041033168 -1.50807379404163 0 0
37.1553915 6.45365347219854 -5.96444041033168 -1.50807379404163 0 0
37.2084258 6.45365347219854 -5.96444041033168 -1.50807379404163 0 0
37.2604611 6.45365347219854 -5.96444041033168 -1.50807379404163 0 0
37.3124953 6.45365347219854 -5.96444041033168 -1.50807379404163 0 0
37.3645312 6.45365347219854 -5.96444041033168 -1.50807379404163 0 0
37.4165653 6.45365347219854 -5.96444041033168 -1.50807379404163 0 0
37.4695996 6.45365347219854 -5.96444041033168 -1.50807379404163 0 0
37.5216361 6.45365347219854 -5.96444041033168 -1.50807379404163 0 0
37.5736702 6.45365347219854 -5.96444041033168 -1.50807379404163 0 0
37.6277069 6.45365347219854 -5.96444041033168 -1.50807379404163 0 0
37.6797411 6.45365347219854 -5.96444041033168 -1.50807379404163 0 0
37.7317753 6.45365347219854 -5.96444041033168 -1.50807379404163 0 0
37.78381 6.45365347219854 -5.96444041033168 -1.50807379404163 0 0
37.8358505 6.45365347219854 -5.96444041033168 -1.50807379404163 0 0
37.8888807 6.45365347219854 -5.96444041033168 -1.50807379404163 0 0
37.9419173 6.45365347219854 -5.96444041033168 -1.50807379404163 0 0
37.9949533 6.45365347219854 -5.96444041033168 -1.50807379404163 0 0
38.0489877 6.45365347219854 -5.96444041033168 -1.50807379404163 0 0
38.1020231 6.45365347219854 -5.96444041033168 -1.50807379404163 0 0
38.1690673 6.45365347219854 -5.96444041033168 -1.50807379404163 0 0
38.2211026 6.45365347219854 -5.96444041033168 -1.50807379404163 0 0
38.2761485 6.45365347219854 -5.96444041033168 -1.50807379404163 0 0
38.3291742 6.45365347219854 -5.96444041033168 -1.50807379404163 0 0
38.3882136 6.45365347219854 -5.96444041033168 -1.50807379404163 0 0
38.4412502 6.45365347219854 -5.96444041033168 -1.50807379404163 0 0
38.4932844 6.45365347219854 -5.96444041033168 -1.50807379404163 0 0
38.5453191 6.45365347219854 -5.96444041033168 -1.50807379404163 0 0
38.5983545 6.45365347219854 -5.96444041033168 -1.50807379404163 0 0
38.6543931 6.45365347219854 -5.96444041033168 -1.50807379404163 0 0
38.7064273 6.45365347219854 -5.96444041033168 -1.50807379404163 0 0
38.7654673 6.45365347219854 -5.96444041033168 -1.50807379404163 0 0
38.8175009 6.45365347219854 -5.96444041033168 -1.50807379404163 0 0
38.8775404 6.45365347219854 -5.96444041033168 -1.50807379404163 0 0
38.9295763 6.45365347219854 -5.96444041033168 -1.50807379404163 0 0
38.9816105 6.45365347219854 -5.96444041033168 -1.50807379404163 0 0
39.0336441 6.45365347219854 -5.96444041033168 -1.50807379404163 0 0
39.0936859 6.45365347219854 -5.96444041033168 -1.50807379404163 0 0
39.1467207 6.45365347219854 -5.96444041033168 -1.50807379404163 0 0
39.2008458 6.45365347219854 -5.96444041033168 -1.50807379404163 0 0
39.2538909 6.45365347219854 -5.96444041033168 -1.50807379404163 0 0
39.306916 6.45365347219854 -5.96444041033168 -1.50807379404163 0 0
39.3589525 6.45365347219854 -5.96444041033168 -1.50807379404163 0 0
39.4109861 6.45365347219854 -5.96444041033168 -1.50807379404163 0 0
39.466024 6.45365347219854 -5.96444041033168 -1.50807379404163 0 0
39.5180582 6.45365347219854 -5.96444041033168 -1.50807379404163 0 0
39.5710936 6.45365347219854 -5.96444041033168 -1.50807379404163 0 0
39.6241313 6.45365347219854 -5.96444041033168 -1.50807379404163 0 0
39.677165 6.45365347219854 -5.96444041033168 -1.50807379404163 0 0
39.7291997 6.45365347219854 -5.96444041033168 -1.50807379404163 0 0
39.7892387 6.45365347219854 -5.96444041033168 -1.50807379404163 0 0
39.8422736 6.45365347219854 -5.96444041033168 -1.50807379404163 0 0
39.8953323 6.45365347219854 -5.96444041033168 -1.50807379404163 0 0
39.9473682 6.45365347219854 -5.96444041033168 -1.50807379404163 0 0
39.9994018 6.45365347219854 -5.96444041033168 -1.50807379404163 0 0
40.0514366 6.45365347219854 -5.96444041033168 -1.50807379404163 0 0
40.104472 6.45365347219854 -5.96444041033168 -1.50807379404163 0 0
40.1645127 6.45365347219854 -5.96444041033168 -1.50807379404163 0 0
40.2175481 6.45365347219854 -5.96444041033168 -1.50807379404163 0 0
40.2745879 6.45365347219854 -5.96444041033168 -1.50807379404163 0 0
40.3266192 6.45365347219854 -5.96444041033168 -1.50807379404163 0 0
40.3786551 6.45365347219854 -5.96444041033168 -1.50807379404163 0 0
40.4316905 6.45365347219854 -5.96444041033168 -1.50807379404163 0 0
40.4837247 6.45365347219854 -5.96444041033168 -1.50807379404163 0 0
40.5357595 6.45365347219854 -5.96444041033168 -1.50807379404163 0 0
40.5998028 6.45365347219854 -5.96444041033168 -1.50807379404163 0 0
40.6548458 6.45365347219854 -5.96444041033168 -1.50807379404163 0 0
40.7078744 6.45365347219854 -5.96444041033168 -1.50807379404163 0 0
40.7609092 6.45365347219854 -5.96444041033168 -1.50807379404163 0 0
40.8129457 6.45365347219854 -5.96444041033168 -1.50807379404163 0 0
40.8709833 6.45365347219854 -5.96444041033168 -1.50807379404163 0 0
40.9240193 6.45365347219854 -5.96444041033168 -1.50807379404163 0 0
40.9770542 6.45365347219854 -5.96444041033168 -1.50807379404163 0 0
41.0310908 6.45365347219854 -5.96444041033168 -1.50807379404163 0 0
41.0891341 6.45365347219854 -5.96444041033168 -1.50807379404163 0 0
41.1421656 6.45365347219854 -5.96444041033168 -1.50807379404163 0 0
41.1952004 6.45365347219854 -5.96444041033168 -1.50807379404163 0 0
41.2482364 6.45365347219854 -5.96444041033168 -1.50807379404163 0 0
41.3062757 6.45365347219854 -5.96444041033168 -1.50807379404163 0 0
41.3594064 6.45365347219854 -5.96444041033168 -1.50807379404163 0 0
41.4114405 6.45365347219854 -5.96444041033168 -1.50807379404163 0 0
41.4644754 6.45365347219854 -5.96444041033168 -1.50807379404163 0 0
41.5165113 6.45365347219854 -5.96444041033168 -1.50807379404163 0 0
41.5685455 6.45365347219854 -5.96444041033168 -1.50807379404163 0 0
41.6205802 6.45365347219854 -5.96444041033168 -1.50807379404163 0 0
41.6726178 6.45365347219854 -5.96444041033168 -1.50807379404163 0 0
41.7256509 6.45365347219854 -5.96444041033168 -1.50807379404163 0 0
41.7776874 6.45365347219854 -5.96444041033168 -1.50807379404163 0 0
41.8307217 6.45365347219854 -5.96444041033168 -1.50807379404163 0 0
41.8827564 6.45365347219854 -5.96444041033168 -1.50807379404163 0 0
41.9357918 6.45365347219854 -5.96444041033168 -1.50807379404163 0 0
41.9888267 6.45365347219854 -5.96444041033168 -1.50807379404163 0 0
42.0408626 6.45365347219854 -5.96444041033168 -1.50807379404163 0 0
42.0928962 6.45365347219854 -5.96444041033168 -1.50807379404163 0 0
42.1449298 6.45365347219854 -5.96444041033168 -1.50807379404163 0 0
42.1979669 6.45365347219854 -5.96444041033168 -1.50807379404163 0 0
42.2510018 6.45365347219854 -5.96444041033168 -1.50807379404163 0 0
42.3040378 6.45365347219854 -5.96444041033168 -1.50807379404163 0 0
42.3560936 6.45365347219854 -5.96444041033168 -1.50807379404163 0 0
42.4091062 6.45365347219854 -5.96444041033168 -1.50807379404163 0 0
42.4611421 6.45365347219854 -5.96444041033168 -1.50807379404163 0 0
42.5131774 6.45365347219854 -5.96444041033168 -1.50807379404163 0 0
42.5662117 6.45365347219854 -5.96444041033168 -1.50807379404163 0 0
42.6192477 6.45365347219854 -5.96444041033168 -1.50807379404163 0 0
42.675284 6.45365347219854 -5.96444041033168 -1.50807379404163 0 0
42.7283194 6.45365347219854 -5.96444041033168 -1.50807379404163 0 0
42.7803541 6.45365347219854 -5.96444041033168 -1.50807379404163 0 0
42.8363927 6.45365347219854 -5.96444041033168 -1.50807379404163 0 0
42.8904288 6.45365347219854 -5.96444041033168 -1.50807379404163 0 0
42.9414634 6.45365347219854 -5.96444041033168 -1.50807379404163 0 0
42.9945 6.45365347219854 -5.96444041033168 -1.50807379404163 0 0
43.0475354 6.45365347219854 -5.96444041033168 -1.50807379404163 0 0
43.0995702 6.45365347219854 -5.96444041033168 -1.50807379404163 0 0
43.1516032 6.45365347219854 -5.96444041033168 -1.50807379404163 0 0
43.203638 6.45365347219854 -5.96444041033168 -1.50807379404163 0 0
43.2556733 6.45365347219854 -5.96444041033168 -1.50807379404163 0 0
43.3087269 6.45365347219854 -5.96444041033168 -1.50807379404163 0 0
43.3617629 6.45365347219854 -5.96444041033168 -1.50807379404163 0 0
43.413796 6.45365347219854 -5.96444041033168 -1.50807379404163 0 0
43.4668325 6.45365347219854 -5.96444041033168 -1.50807379404163 0 0
43.5188678 6.45365347219854 -5.96444041033168 -1.50807379404163 0 0
43.5709014 6.45365347219854 -5.96444041033168 -1.50807379404163 0 0
43.6229373 6.45365347219854 -5.96444041033168 -1.50807379404163 0 0
43.6789736 6.45365347219854 -5.96444041033168 -1.50807379404163 0 0
43.7320164 6.45365347219854 -5.96444041033168 -1.50807379404163 0 0
43.7850456 6.45365347219854 -5.96444041033168 -1.50807379404163 0 0
43.844085 6.45365347219854 -5.96444041033168 -1.50807379404163 0 0
43.8971199 6.45365347219854 -5.96444041033168 -1.50807379404163 0 0
43.9492441 6.45365347219854 -5.96444041033168 -1.50807379404163 0 0
44.0032796 6.45365347219854 -5.96444041033168 -1.50807379404163 0 0
44.0563151 6.45365347219854 -5.96444041033168 -1.50807379404163 0 0
44.1083492 6.45365347219854 -5.96444041033168 -1.50807379404163 0 0
44.160384 6.45365347219854 -5.96444041033168 -1.50807379404163 0 0
44.2134217 6.45365347219854 -5.96444041033168 -1.50807379404163 0 0
44.2764638 6.45365347219854 -5.96444041033168 -1.50807379404163 0 0
44.3284963 6.45365347219854 -5.96444041033168 -1.50807379404163 0 0
44.3835336 6.45365347219854 -5.96444041033168 -1.50807379404163 0 0
44.4365707 6.45365347219854 -5.96444041033168 -1.50807379404163 0 0
44.4936082 6.45365347219854 -5.96444041033168 -1.50807379404163 0 0
44.5466419 6.45365347219854 -5.96444041033168 -1.50807379404163 0 0
44.6006797 6.45365347219854 -5.96444041033168 -1.50807379404163 0 0
44.6667233 6.45365347219854 -5.96444041033168 -1.50807379404163 0 0
44.7197581 6.45365347219854 -5.96444041033168 -1.50807379404163 0 0
44.772793 6.45365347219854 -5.96444041033168 -1.50807379404163 0 0
44.8238276 6.45365347219854 -5.96444041033168 -1.50807379404163 0 0
44.8758624 6.45365347219854 -5.96444041033168 -1.50807379404163 0 0
44.9278965 6.45365347219854 -5.96444041033168 -1.50807379404163 0 0
44.9809331 6.45365347219854 -5.96444041033168 -1.50807379404163 0 0
45.0339691 6.45365347219854 -5.96444041033168 -1.50807379404163 0 0
45.0970112 6.45365347219854 -5.96444041033168 -1.50807379404163 0 0
45.1490448 6.45365347219854 -5.96444041033168 -1.50807379404163 0 0
45.2020802 6.45365347219854 -5.96444041033168 -1.50807379404163 0 0
45.254115 6.45365347219854 -5.96444041033168 -1.50807379404163 0 0
45.3061491 6.45365347219854 -5.96444041033168 -1.50807379404163 0 0
45.358185 6.45365347219854 -5.96444041033168 -1.50807379404163 0 0
45.4112193 6.45365347219854 -5.96444041033168 -1.50807379404163 0 0
45.476265 6.45365347219854 -5.96444041033168 -1.50807379404163 0 0
45.5282986 6.45365347219854 -5.96444041033168 -1.50807379404163 0 0
45.5803334 6.45365347219854 -5.96444041033168 -1.50807379404163 0 0
45.632367 6.45365347219854 -5.96444041033168 -1.50807379404163 0 0
45.6874043 6.45365347219854 -5.96444041033168 -1.50807379404163 0 0
45.7414398 6.45365347219854 -5.96444041033168 -1.50807379404163 0 0
45.7944764 6.45365347219854 -5.96444041033168 -1.50807379404163 0 0
45.8475124 6.45365347219854 -5.96444041033168 -1.50807379404163 0 0
45.9015507 6.45365347219854 -5.96444041033168 -1.50807379404163 0 0
45.9535826 6.45365347219854 -5.96444041033168 -1.50807379404163 0 0
46.0056163 6.45365347219854 -5.96444041033168 -1.50807379404163 0 0
46.057651 6.45365347219854 -5.96444041033168 -1.50807379404163 0 0
46.1106881 6.45365347219854 -5.96444041033168 -1.50807379404163 0 0
46.1627212 6.45365347219854 -5.96444041033168 -1.50807379404163 0 0
46.2147576 6.45365347219854 -5.96444041033168 -1.50807379404163 0 0
46.2697938 6.45365347219854 -5.96444041033168 -1.50807379404163 0 0
46.3218291 6.45365347219854 -5.96444041033168 -1.50807379404163 0 0
46.3778671 6.45365347219854 -5.96444041033168 -1.50807379404163 0 0
46.4309008 6.45365347219854 -5.96444041033168 -1.50807379404163 0 0
46.4929417 6.45365347219854 -5.96444041033168 -1.50807379404163 0 0
46.5449776 6.45365347219854 -5.96444041033168 -1.50807379404163 0 0
46.598013 6.45365347219854 -5.96444041033168 -1.50807379404163 0 0
46.6510473 6.45365347219854 -5.96444041033168 -1.50807379404163 0 0
46.7040838 6.45365347219854 -5.96444041033168 -1.50807379404163 0 0
46.7561192 6.45365347219854 -5.96444041033168 -1.50807379404163 0 0
46.8081539 6.45365347219854 -5.96444041033168 -1.50807379404163 0 0
46.8611876 6.45365347219854 -5.96444041033168 -1.50807379404163 0 0
46.9132229 6.45365347219854 -5.96444041033168 -1.50807379404163 0 0
46.9702616 6.45365347219854 -5.96444041033168 -1.50807379404163 0 0
47.0222963 6.45365347219854 -5.96444041033168 -1.50807379404163 0 0
47.0783343 6.45365347219854 -5.96444041033168 -1.50807379404163 0 0
47.1313772 6.45365347219854 -5.96444041033168 -1.50807379404163 0 0
47.1844057 6.45365347219854 -5.96444041033168 -1.50807379404163 0 0
47.2364393 6.45365347219854 -5.96444041033168 -1.50807379404163 0 0
47.2984808 6.45365347219854 -5.96444041033168 -1.50807379404163 0 0
47.350515 6.45365347219854 -5.96444041033168 -1.50807379404163 0 0
47.4025497 6.45365347219854 -5.96444041033168 -1.50807379404163 0 0
47.4565858 6.45365347219854 -5.96444041033168 -1.50807379404163 0 0
47.5136244 6.45365347219854 -5.96444041033168 -1.50807379404163 0 0
47.5666627 6.45365347219854 -5.96444041033168 -1.50807379404163 0 0
47.6186946 6.45365347219854 -5.96444041033168 -1.50807379404163 0 0
47.6707299 6.45365347219854 -5.96444041033168 -1.50807379404163 0 0
47.7227647 6.45365347219854 -5.96444041033168 -1.50807379404163 0 0
47.7757995 6.45365347219854 -5.96444041033168 -1.50807379404163 0 0
47.8288349 6.45365347219854 -5.96444041033168 -1.50807379404163 0 0
47.8818692 6.45365347219854 -5.96444041033168 -1.50807379404163 0 0
47.9349058 6.45365347219854 -5.96444041033168 -1.50807379404163 0 0
47.9880507 6.45365347219854 -5.96444041033168 -1.50807379404163 0 0
48.0400849 6.45365347219854 -5.96444041033168 -1.50807379404163 0 0
48.092119 6.45365347219854 -5.96444041033168 -1.50807379404163 0 0
48.1451539 6.45365347219854 -5.96444041033168 -1.50807379404163 0 0
48.1981887 6.45365347219854 -5.96444041033168 -1.50807379404163 0 0
48.2582305 6.45365347219854 -5.96444041033168 -1.50807379404163 0 0
48.3182701 6.45365347219854 -5.96444041033168 -1.50807379404163 0 0
48.3723061 6.45365347219854 -5.96444041033168 -1.50807379404163 0 0
48.4243409 6.45365347219854 -5.96444041033168 -1.50807379404163 0 0
48.4773763 6.45365347219854 -5.96444041033168 -1.50807379404163 0 0
48.530418 6.45365347219854 -5.96444041033168 -1.50807379404163 0 0
48.5834477 6.45365347219854 -5.96444041033168 -1.50807379404163 0 0
48.636482 6.45365347219854 -5.96444041033168 -1.50807379404163 0 0
48.6885173 6.45365347219854 -5.96444041033168 -1.50807379404163 0 0
48.7415579 6.45365347219854 -5.96444041033168 -1.50807379404163 0 0
48.7935863 6.45365347219854 -5.96444041033168 -1.50807379404163 0 0
48.8456211 6.45365347219854 -5.96444041033168 -1.50807379404163 0 0
48.89966 6.45365347219854 -5.96444041033168 -1.50807379404163 0 0
48.9516931 6.45365347219854 -5.96444041033168 -1.50807379404163 0 0
49.0047273 6.45365347219854 -5.96444041033168 -1.50807379404163 0 0
49.0677706 6.45365347219854 -5.96444041033168 -1.50807379404163 0 0
49.1318139 6.45365347219854 -5.96444041033168 -1.50807379404163 0 0
49.183847 6.45365347219854 -5.96444041033168 -1.50807379404163 0 0
49.2358823 6.45365347219854 -5.96444041033168 -1.50807379404163 0 0
49.2889177 6.45365347219854 -5.96444041033168 -1.50807379404163 0 0
49.3409524 6.45365347219854 -5.96444041033168 -1.50807379404163 0 0
49.3929889 6.45365347219854 -5.96444041033168 -1.50807379404163 0 0
49.4450219 6.45365347219854 -5.96444041033168 -1.50807379404163 0 0
49.4980613 6.45365347219854 -5.96444041033168 -1.50807379404163 0 0
49.5510939 6.45365347219854 -5.96444041033168 -1.50807379404163 0 0
49.6041288 6.45365347219854 -5.96444041033168 -1.50807379404163 0 0
49.6571642 6.45365347219854 -5.96444041033168 -1.50807379404163 0 0
49.7092069 6.45365347219854 -5.96444041033168 -1.50807379404163 0 0
49.7622338 6.45365347219854 -5.96444041033168 -1.50807379404163 0 0
49.8152698 6.45365347219854 -5.96444041033168 -1.50807379404163 0 0
49.8763105 6.45365347219854 -5.96444041033168 -1.50807379404163 0 0
49.9283436 6.45365347219854 -5.96444041033168 -1.50807379404163 0 0
49.98038 6.45365347219854 -5.96444041033168 -1.50807379404163 0 0
50.0324136 6.45365347219854 -5.96444041033168 -1.50807379404163 0 0
50.0874515 6.45365347219854 -5.96444041033168 -1.50807379404163 0 0
50.1394857 6.45365347219854 -5.96444041033168 -1.50807379404163 0 0
50.1915222 6.45365347219854 -5.96444041033168 -1.50807379404163 0 0
50.2495598 6.45365347219854 -5.96444041033168 -1.50807379404163 0 0
50.3025941 6.45365347219854 -5.96444041033168 -1.50807379404163 0 0
50.3656379 6.45365347219854 -5.96444041033168 -1.50807379404163 0 0
50.4186716 6.45365347219854 -5.96444041033168 -1.50807379404163 0 0
50.4757108 6.45365347219854 -5.96444041033168 -1.50807379404163 0 0
50.5287462 6.45365347219854 -5.96444041033168 -1.50807379404163 0 0
50.5817822 6.45365347219854 -5.96444041033168 -1.50807379404163 0 0
50.6338158 6.45365347219854 -5.96444041033168 -1.50807379404163 0 0
50.6888526 6.45365347219854 -5.96444041033168 -1.50807379404163 0 0
50.7418886 6.45365347219854 -5.96444041033168 -1.50807379404163 0 0
50.7949234 6.45365347219854 -5.96444041033168 -1.50807379404163 0 0
50.8469576 6.45365347219854 -5.96444041033168 -1.50807379404163 0 0
50.8989935 6.45365347219854 -5.96444041033168 -1.50807379404163 0 0
50.9550298 6.45365347219854 -5.96444041033168 -1.50807379404163 0 0
51.0070645 6.45365347219854 -5.96444041033168 -1.50807379404163 0 0
51.0591004 6.45365347219854 -5.96444041033168 -1.50807379404163 0 0
51.1121352 6.45365347219854 -5.96444041033168 -1.50807379404163 0 0
51.1651707 6.45365347219854 -5.96444041033168 -1.50807379404163 0 0
51.2182067 6.45365347219854 -5.96444041033168 -1.50807379404163 0 0
51.2702408 6.45365347219854 -5.96444041033168 -1.50807379404163 0 0
51.3232797 6.45365347219854 -5.96444041033168 -1.50807379404163 0 0
51.3753196 6.45365347219854 -5.96444041033168 -1.50807379404163 0 0
51.4283561 6.45365347219854 -5.96444041033168 -1.50807379404163 0 0
51.483394 6.45365347219854 -5.96444041033168 -1.50807379404163 0 0
51.5354345 6.45365347219854 -5.96444041033168 -1.50807379404163 0 0
51.5874612 6.45365347219854 -5.96444041033168 -1.50807379404163 0 0
51.6404972 6.45365347219854 -5.96444041033168 -1.50807379404163 0 0
51.6975347 6.45365347219854 -5.96444041033168 -1.50807379404163 0 0
51.7495706 6.45365347219854 -5.96444041033168 -1.50807379404163 0 0
51.8026049 6.45365347219854 -5.96444041033168 -1.50807379404163 0 0
51.8546391 6.45365347219854 -5.96444041033168 -1.50807379404163 0 0
51.9066755 6.45365347219854 -5.96444041033168 -1.50807379404163 0 0
51.9597121 6.45365347219854 -5.96444041033168 -1.50807379404163 0 0
52.0127469 6.45365347219854 -5.96444041033168 -1.50807379404163 0 0
52.0657818 6.45365347219854 -5.96444041033168 -1.50807379404163 0 0
52.1178165 6.45365347219854 -5.96444041033168 -1.50807379404163 0 0
52.1748529 6.45365347219854 -5.96444041033168 -1.50807379404163 0 0
52.2268877 6.45365347219854 -5.96444041033168 -1.50807379404163 0 0
52.278923 6.45365347219854 -5.96444041033168 -1.50807379404163 0 0
52.3309583 6.45365347219854 -5.96444041033168 -1.50807379404163 0 0
52.3829931 6.45365347219854 -5.96444041033168 -1.50807379404163 0 0
52.4370286 6.45365347219854 -5.96444041033168 -1.50807379404163 0 0
52.4880621 6.45365347219854 -5.96444041033168 -1.50807379404163 0 0
52.5410986 6.45365347219854 -5.96444041033168 -1.50807379404163 0 0
52.5941329 6.45365347219854 -5.96444041033168 -1.50807379404163 0 0
52.6471683 6.45365347219854 -5.96444041033168 -1.50807379404163 0 0
52.6992048 6.45365347219854 -5.96444041033168 -1.50807379404163 0 0
52.7522396 6.45365347219854 -5.96444041033168 -1.50807379404163 0 0
52.8052773 6.45365347219854 -5.96444041033168 -1.50807379404163 0 0
52.8573127 6.45365347219854 -5.96444041033168 -1.50807379404163 0 0
52.9093434 6.45365347219854 -5.96444041033168 -1.50807379404163 0 0
52.961381 6.45365347219854 -5.96444041033168 -1.50807379404163 0 0
53.0134135 6.45365347219854 -5.96444041033168 -1.50807379404163 0 0
53.0654585 6.45365347219854 -5.96444041033168 -1.50807379404163 0 0
53.1184871 6.45365347219854 -5.96444041033168 -1.50807379404163 0 0
53.170519 6.45365347219854 -5.96444041033168 -1.50807379404163 0 0
53.223555 6.45365347219854 -5.96444041033168 -1.50807379404163 0 0
53.2765892 6.45365347219854 -5.96444041033168 -1.50807379404163 0 0
53.3286257 6.45365347219854 -5.96444041033168 -1.50807379404163 0 0
53.3816611 6.45365347219854 -5.96444041033168 -1.50807379404163 0 0
53.4336959 6.45365347219854 -5.96444041033168 -1.50807379404163 0 0
53.4857295 6.45365347219854 -5.96444041033168 -1.50807379404163 0 0
53.5387649 6.45365347219854 -5.96444041033168 -1.50807379404163 0 0
53.598805 6.45365347219854 -5.96444041033168 -1.50807379404163 0 0
53.6508386 6.45365347219854 -5.96444041033168 -1.50807379404163 0 0
53.7038751 6.45365347219854 -5.96444041033168 -1.50807379404163 0 0
53.7559105 6.45365347219854 -5.96444041033168 -1.50807379404163 0 0
53.8079441 6.45365347219854 -5.96444041033168 -1.50807379404163 0 0
53.85998 6.45365347219854 -5.96444041033168 -1.50807379404163 0 0
53.912013 6.45365347219854 -5.96444041033168 -1.50807379404163 0 0
53.9670515 6.45365347219854 -5.96444041033168 -1.50807379404163 0 0
54.0200875 6.45365347219854 -5.96444041033168 -1.50807379404163 0 0
54.0721211 6.45365347219854 -5.96444041033168 -1.50807379404163 0 0
54.1241775 6.45365347219854 -5.96444041033168 -1.50807379404163 0 0
54.1772135 6.45365347219854 -5.96444041033168 -1.50807379404163 0 0
54.2302477 6.45365347219854 -5.96444041033168 -1.50807379404163 0 0
54.283282 6.45365347219854 -5.96444041033168 -1.50807379404163 0 0
54.3363174 6.45365347219854 -5.96444041033168 -1.50807379404163 0 0
54.3883522 6.45365347219854 -5.96444041033168 -1.50807379404163 0 0
54.4403881 6.45365347219854 -5.96444041033168 -1.50807379404163 0 0
54.4924228 6.45365347219854 -5.96444041033168 -1.50807379404163 0 0
54.5454571 6.45365347219854 -5.96444041033168 -1.50807379404163 0 0
54.5984937 6.45365347219854 -5.96444041033168 -1.50807379404163 0 0
54.6515296 6.45365347219854 -5.96444041033168 -1.50807379404163 0 0
54.7035895 6.45365347219854 -5.96444041033168 -1.50807379404163 0 0
54.7555997 6.45365347219854 -5.96444041033168 -1.50807379404163 0 0
54.8166393 6.45365347219854 -5.96444041033168 -1.50807379404163 0 0
54.8746775 6.45365347219854 -5.96444041033168 -1.50807379404163 0 0
54.9277141 6.45365347219854 -5.96444041033168 -1.50807379404163 0 0
54.9807495 6.45365347219854 -5.96444041033168 -1.50807379404163 0 0
55.0337855 6.45365347219854 -5.96444041033168 -1.50807379404163 0 0
55.0868209 6.45365347219854 -5.96444041033168 -1.50807379404163 0 0
55.1398563 6.45365347219854 -5.96444041033168 -1.50807379404163 0 0
55.1928906 6.45365347219854 -5.96444041033168 -1.50807379404163 0 0
55.2449248 6.45365347219854 -5.96444041033168 -1.50807379404163 0 0
55.3009628 6.45365347219854 -5.96444041033168 -1.50807379404163 0 0
55.3529975 6.45365347219854 -5.96444041033168 -1.50807379404163 0 0
55.4050334 6.45365347219854 -5.96444041033168 -1.50807379404163 0 0
55.4580677 6.45365347219854 -5.96444041033168 -1.50807379404163 0 0
55.5101036 6.45365347219854 -5.96444041033168 -1.50807379404163 0 0
55.5621372 6.45365347219854 -5.96444041033168 -1.50807379404163 0 0
55.6151732 6.45365347219854 -5.96444041033168 -1.50807379404163 0 0
55.6672085 6.45365347219854 -5.96444041033168 -1.50807379404163 0 0
55.7202433 6.45365347219854 -5.96444041033168 -1.50807379404163 0 0
55.7722769 6.45365347219854 -5.96444041033168 -1.50807379404163 0 0
55.8313175 6.45365347219854 -5.96444041033168 -1.50807379404163 0 0
55.8843541 6.45365347219854 -5.96444041033168 -1.50807379404163 0 0
55.9373884 6.45365347219854 -5.96444041033168 -1.50807379404163 0 0
55.9904226 6.45365347219854 -5.96444041033168 -1.50807379404163 0 0
56.0424585 6.45365347219854 -5.96444041033168 -1.50807379404163 0 0
56.0955036 6.45365347219854 -5.96444041033168 -1.50807379404163 0 0
56.1485282 6.45365347219854 -5.96444041033168 -1.50807379404163 0 0
56.2005641 6.45365347219854 -5.96444041033168 -1.50807379404163 0 0
56.2556003 6.45365347219854 -5.96444041033168 -1.50807379404163 0 0
56.3086363 6.45365347219854 -5.96444041033168 -1.50807379404163 0 0
56.3616717 6.45365347219854 -5.96444041033168 -1.50807379404163 0 0
56.4147065 6.45365347219854 -5.96444041033168 -1.50807379404163 0 0
56.4668302 6.45365347219854 -5.96444041033168 -1.50807379404163 0 0
56.5198679 6.45365347219854 -5.96444041033168 -1.50807379404163 0 0
56.5719015 6.45365347219854 -5.96444041033168 -1.50807379404163 0 0
56.6239391 6.45365347219854 -5.96444041033168 -1.50807379404163 0 0
56.6769717 6.45365347219854 -5.96444041033168 -1.50807379404163 0 0
56.7290053 6.45365347219854 -5.96444041033168 -1.50807379404163 0 0
56.7820407 6.45365347219854 -5.96444041033168 -1.50807379404163 0 0
56.8350773 6.45365347219854 -5.96444041033168 -1.50807379404163 0 0
56.8871109 6.45365347219854 -5.96444041033168 -1.50807379404163 0 0
56.9401497 6.45365347219854 -5.96444041033168 -1.50807379404163 0 0
56.9921811 6.45365347219854 -5.96444041033168 -1.50807379404163 0 0
57.0492192 6.45365347219854 -5.96444041033168 -1.50807379404163 0 0
57.1022557 6.45365347219854 -5.96444041033168 -1.50807379404163 0 0
57.1602945 6.45365347219854 -5.96444041033168 -1.50807379404163 0 0
57.2123298 6.45365347219854 -5.96444041033168 -1.50807379404163 0 0
57.2713692 6.45365347219854 -5.96444041033168 -1.50807379404163 0 0
57.3234034 6.45365347219854 -5.96444041033168 -1.50807379404163 0 0
57.3754381 6.45365347219854 -5.96444041033168 -1.50807379404163 0 0
57.428473 6.45365347219854 -5.96444041033168 -1.50807379404163 0 0
57.4835109 6.45365347219854 -5.96444041033168 -1.50807379404163 0 0
57.5355439 6.45365347219854 -5.96444041033168 -1.50807379404163 0 0
57.5875798 6.45365347219854 -5.96444041033168 -1.50807379404163 0 0
57.6406152 6.45365347219854 -5.96444041033168 -1.50807379404163 0 0
57.6996541 6.45365347219854 -5.96444041033168 -1.50807379404163 0 0
57.75169 6.45365347219854 -5.96444041033168 -1.50807379404163 0 0
57.8037321 6.45365347219854 -5.96444041033168 -1.50807379404163 0 0
57.8697683 6.45365347219854 -5.96444041033168 -1.50807379404163 0 0
57.9238049 6.45365347219854 -5.96444041033168 -1.50807379404163 0 0
57.9768415 6.45365347219854 -5.96444041033168 -1.50807379404163 0 0
58.0298752 6.45365347219854 -5.96444041033168 -1.50807379404163 0 0
58.0900059 6.45365347219854 -5.96444041033168 -1.50807379404163 0 0
58.1420413 6.45365347219854 -5.96444041033168 -1.50807379404163 0 0
58.1940754 6.45365347219854 -5.96444041033168 -1.50807379404163 0 0
58.247112 6.45365347219854 -5.96444041033168 -1.50807379404163 0 0
58.2991456 6.45365347219854 -5.96444041033168 -1.50807379404163 0 0
58.352213 6.45365347219854 -5.96444041033168 -1.50807379404163 0 0
58.405217 6.45365347219854 -5.96444041033168 -1.50807379404163 0 0
58.4582519 6.45365347219854 -5.96444041033168 -1.50807379404163 0 0
58.5102872 6.45365347219854 -5.96444041033168 -1.50807379404163 0 0
58.5623219 6.45365347219854 -5.96444041033168 -1.50807379404163 0 0
58.6143801 6.45365347219854 -5.96444041033168 -1.50807379404163 0 0
58.6944347 6.45365347219854 -5.96444041033168 -1.50807379404163 0 0
58.7484724 6.45365347219854 -5.96444041033168 -1.50807379404163 0 0
58.8015062 6.45365347219854 -5.96444041033168 -1.50807379404163 0 0
58.8565412 6.45365347219854 -5.96444041033168 -1.50807379404163 0 0
58.9095766 6.45365347219854 -5.96444041033168 -1.50807379404163 0 0
58.9626132 6.45365347219854 -5.96444041033168 -1.50807379404163 0 0
59.015648 6.45365347219854 -5.96444041033168 -1.50807379404163 0 0
59.0676833 6.45365347219854 -5.96444041033168 -1.50807379404163 0 0
59.1197187 6.45365347219854 -5.96444041033168 -1.50807379404163 0 0
59.1717534 6.45365347219854 -5.96444041033168 -1.50807379404163 0 0
59.2247894 6.45365347219854 -5.96444041033168 -1.50807379404163 0 0
59.2768224 6.45365347219854 -5.96444041033168 -1.50807379404163 0 0
59.329859 6.45365347219854 -5.96444041033168 -1.50807379404163 0 0
59.3828938 6.45365347219854 -5.96444041033168 -1.50807379404163 0 0
59.4359298 6.45365347219854 -5.96444041033168 -1.50807379404163 0 0
59.4889641 6.45365347219854 -5.96444041033168 -1.50807379404163 0 0
59.541999 6.45365347219854 -5.96444041033168 -1.50807379404163 0 0
59.5940348 6.45365347219854 -5.96444041033168 -1.50807379404163 0 0
59.6470708 6.45365347219854 -5.96444041033168 -1.50807379404163 0 0
59.7001062 6.45365347219854 -5.96444041033168 -1.50807379404163 0 0
59.75314 6.45365347219854 -5.96444041033168 -1.50807379404163 0 0
59.8061759 6.45365347219854 -5.96444041033168 -1.50807379404163 0 0
59.8693041 6.45365347219854 -5.96444041033168 -1.50807379404163 0 0
59.9223384 6.45365347219854 -5.96444041033168 -1.50807379404163 0 0
59.9753744 6.45365347219854 -5.96444041033168 -1.50807379404163 0 0
60.0274109 6.45365347219854 -5.96444041033168 -1.50807379404163 0 0
60.0794439 6.45365347219854 -5.96444041033168 -1.50807379404163 0 0
60.1324787 6.45365347219854 -5.96444041033168 -1.50807379404163 0 0
60.1855147 6.45365347219854 -5.96444041033168 -1.50807379404163 0 0
60.238549 6.45365347219854 -5.96444041033168 -1.50807379404163 0 0
60.2995898 6.45365347219854 -5.96444041033168 -1.50807379404163 0 0
60.3516262 6.45365347219854 -5.96444041033168 -1.50807379404163 0 0
60.4046599 6.45365347219854 -5.96444041033168 -1.50807379404163 0 0
60.4957213 6.45365347219854 -5.96444041033168 -1.50807379404163 0 0
60.5477675 6.45365347219854 -5.96444041033168 -1.50807379404163 0 0
60.6007921 6.45365347219854 -5.96444041033168 -1.50807379404163 0 0
60.6548281 6.45365347219854 -5.96444041033168 -1.50807379404163 0 0
60.7078624 6.45365347219854 -5.96444041033168 -1.50807379404163 0 0
60.7598972 6.45365347219854 -5.96444041033168 -1.50807379404163 0 0
60.8129332 6.45365347219854 -5.96444041033168 -1.50807379404163 0 0
60.8640516 6.45365347219854 -5.96444041033168 -1.50807379404163 0 0
60.917087 6.45365347219854 -5.96444041033168 -1.50807379404163 0 0
60.9691218 6.45365347219854 -5.96444041033168 -1.50807379404163 0 0
61.0221572 6.45365347219854 -5.96444041033168 -1.50807379404163 0 0
61.0751926 6.45365347219854 -5.96444041033168 -1.50807379404163 0 0
61.1272337 6.45365347219854 -5.96444041033168 -1.50807379404163 0 0
61.1802691 6.45365347219854 -5.96444041033168 -1.50807379404163 0 0
61.2322975 6.45365347219854 -5.96444041033168 -1.50807379404163 0 0
61.2843334 6.45365347219854 -5.96444041033168 -1.50807379404163 0 0
61.3393696 6.45365347219854 -5.96444041033168 -1.50807379404163 0 0
61.3934057 6.45365347219854 -5.96444041033168 -1.50807379404163 0 0
61.44644 6.45365347219854 -5.96444041033168 -1.50807379404163 0 0
61.4984753 6.45365347219854 -5.96444041033168 -1.50807379404163 0 0
61.5515096 6.45365347219854 -5.96444041033168 -1.50807379404163 0 0
61.6035443 6.45365347219854 -5.96444041033168 -1.50807379404163 0 0
61.6555802 6.45365347219854 -5.96444041033168 -1.50807379404163 0 0
61.7086139 6.45365347219854 -5.96444041033168 -1.50807379404163 0 0
61.7616516 6.45365347219854 -5.96444041033168 -1.50807379404163 0 0
61.8146848 6.45365347219854 -5.96444041033168 -1.50807379404163 0 0
61.8737265 6.45365347219854 -5.96444041033168 -1.50807379404163 0 0
61.9287632 6.45365347219854 -5.96444041033168 -1.50807379404163 0 0
61.9807968 6.45365347219854 -5.96444041033168 -1.50807379404163 0 0
62.0339178 6.45365347219854 -5.96444041033168 -1.50807379404163 0 0
62.085952 6.45365347219854 -5.96444041033168 -1.50807379404163 0 0
62.1379867 6.45365347219854 -5.96444041033168 -1.50807379404163 0 0
62.1910233 6.45365347219854 -5.96444041033168 -1.50807379404163 0 0
62.24606 6.45365347219854 -5.96444041033168 -1.50807379404163 0 0
62.2980959 6.45365347219854 -5.96444041033168 -1.50807379404163 0 0
62.3521383 6.45365347219854 -5.96444041033168 -1.50807379404163 0 0
62.4051651 6.45365347219854 -5.96444041033168 -1.50807379404163 0 0
62.4582005 6.45365347219854 -5.96444041033168 -1.50807379404163 0 0
62.5112371 6.45365347219854 -5.96444041033168 -1.50807379404163 0 0
62.5632718 6.45365347219854 -5.96444041033168 -1.50807379404163 0 0
62.6163073 6.45365347219854 -5.96444041033168 -1.50807379404163 0 0
62.6693433 6.45365347219854 -5.96444041033168 -1.50807379404163 0 0
62.722377 6.45365347219854 -5.96444041033168 -1.50807379404163 0 0
62.7764136 6.45365347219854 -5.96444041033168 -1.50807379404163 0 0
62.8294502 6.45365347219854 -5.96444041033168 -1.50807379404163 0 0
62.8814832 6.45365347219854 -5.96444041033168 -1.50807379404163 0 0
62.9435303 6.45365347219854 -5.96444041033168 -1.50807379404163 0 0
62.9965623 6.45365347219854 -5.96444041033168 -1.50807379404163 0 0
63.0485977 6.45365347219854 -5.96444041033168 -1.50807379404163 0 0
63.1016308 6.45365347219854 -5.96444041033168 -1.50807379404163 0 0
63.1546656 6.45365347219854 -5.96444041033168 -1.50807379404163 0 0
63.2077011 6.45365347219854 -5.96444041033168 -1.50807379404163 0 0
63.2607376 6.45365347219854 -5.96444041033168 -1.50807379404163 0 0
63.3127729 6.45365347219854 -5.96444041033168 -1.50807379404163 0 0
63.364806 6.45365347219854 -5.96444041033168 -1.50807379404163 0 0
63.4178437 6.45365347219854 -5.96444041033168 -1.50807379404163 0 0
63.4708768 6.45365347219854 -5.96444041033168 -1.50807379404163 0 0
63.5229121 6.45365347219854 -5.96444041033168 -1.50807379404163 0 0
63.5759487 6.45365347219854 -5.96444041033168 -1.50807379404163 0 0
63.627984 6.45365347219854 -5.96444041033168 -1.50807379404163 0 0
63.6800176 6.45365347219854 -5.96444041033168 -1.50807379404163 0 0
63.7320512 6.45365347219854 -5.96444041033168 -1.50807379404163 0 0
63.7860885 6.45365347219854 -5.96444041033168 -1.50807379404163 0 0
63.8391239 6.45365347219854 -5.96444041033168 -1.50807379404163 0 0
63.8951619 6.45365347219854 -5.96444041033168 -1.50807379404163 0 0
63.9582028 6.45365347219854 -5.96444041033168 -1.50807379404163 0 0
64.0102376 6.45365347219854 -5.96444041033168 -1.50807379404163 0 0
64.0782842 6.45365347219854 -5.96444041033168 -1.50807379404163 0 0
64.1303178 6.45365347219854 -5.96444041033168 -1.50807379404163 0 0
64.1823525 6.45365347219854 -5.96444041033168 -1.50807379404163 0 0
64.2353902 6.45365347219854 -5.96444041033168 -1.50807379404163 0 0
64.2884239 6.45365347219854 -5.96444041033168 -1.50807379404163 0 0
64.3404621 6.45365347219854 -5.96444041033168 -1.50807379404163 0 0
64.3934941 6.45365347219854 -5.96444041033168 -1.50807379404163 0 0
64.4465295 6.45365347219854 -5.96444041033168 -1.50807379404163 0 0
64.4995655 6.45365347219854 -5.96444041033168 -1.50807379404163 0 0
64.5525998 6.45365347219854 -5.96444041033168 -1.50807379404163 0 0
64.6046357 6.45365347219854 -5.96444041033168 -1.50807379404163 0 0
64.6576699 6.45365347219854 -5.96444041033168 -1.50807379404163 0 0
64.7097058 6.45365347219854 -5.96444041033168 -1.50807379404163 0 0
64.76174 6.45365347219854 -5.96444041033168 -1.50807379404163 0 0
64.814776 6.45365347219854 -5.96444041033168 -1.50807379404163 0 0
64.8678097 6.45365347219854 -5.96444041033168 -1.50807379404163 0 0
64.9208451 6.45365347219854 -5.96444041033168 -1.50807379404163 0 0
64.9748823 6.45365347219854 -5.96444041033168 -1.50807379404163 0 0
65.0269171 6.45365347219854 -5.96444041033168 -1.50807379404163 0 0
65.0799514 6.45365347219854 -5.96444041033168 -1.50807379404163 0 0
65.133988 6.45365347219854 -5.96444041033168 -1.50807379404163 0 0
65.1860222 6.45365347219854 -5.96444041033168 -1.50807379404163 0 0
65.2390588 6.45365347219854 -5.96444041033168 -1.50807379404163 0 0
65.2930943 6.45365347219854 -5.96444041033168 -1.50807379404163 0 0
65.3451284 6.45365347219854 -5.96444041033168 -1.50807379404163 0 0
65.3971632 6.45365347219854 -5.96444041033168 -1.50807379404163 0 0
65.4501998 6.45365347219854 -5.96444041033168 -1.50807379404163 0 0
65.5022339 6.45365347219854 -5.96444041033168 -1.50807379404163 0 0
65.5542704 6.45365347219854 -5.96444041033168 -1.50807379404163 0 0
65.6073058 6.45365347219854 -5.96444041033168 -1.50807379404163 0 0
65.6673453 6.45365347219854 -5.96444041033168 -1.50807379404163 0 0
65.7203808 6.45365347219854 -5.96444041033168 -1.50807379404163 0 0
65.7744168 6.45365347219854 -5.96444041033168 -1.50807379404163 0 0
65.826451 6.45365347219854 -5.96444041033168 -1.50807379404163 0 0
65.8794859 6.45365347219854 -5.96444041033168 -1.50807379404163 0 0
65.9325207 6.45365347219854 -5.96444041033168 -1.50807379404163 0 0
66.0015685 6.45365347219854 -5.96444041033168 -1.50807379404163 0 0
66.0546028 6.45365347219854 -5.96444041033168 -1.50807379404163 0 0
66.1076394 6.45365347219854 -5.96444041033168 -1.50807379404163 0 0
66.1606822 6.45365347219854 -5.96444041033168 -1.50807379404163 0 0
66.2127078 6.45365347219854 -5.96444041033168 -1.50807379404163 0 0
66.2707483 6.45365347219854 -5.96444041033168 -1.50807379404163 0 0
66.3237826 6.45365347219854 -5.96444041033168 -1.50807379404163 0 0
66.3758185 6.45365347219854 -5.96444041033168 -1.50807379404163 0 0
66.4278532 6.45365347219854 -5.96444041033168 -1.50807379404163 0 0
66.4808881 6.45365347219854 -5.96444041033168 -1.50807379404163 0 0
66.5329228 6.45365347219854 -5.96444041033168 -1.50807379404163 0 0
66.5849593 6.45365347219854 -5.96444041033168 -1.50807379404163 0 0
66.6379924 6.45365347219854 -5.96444041033168 -1.50807379404163 0 0
66.6900272 6.45365347219854 -5.96444041033168 -1.50807379404163 0 0
66.7430626 6.45365347219854 -5.96444041033168 -1.50807379404163 0 0
66.7980993 6.45365347219854 -5.96444041033168 -1.50807379404163 0 0
66.8511353 6.45365347219854 -5.96444041033168 -1.50807379404163 0 0
66.9031701 6.45365347219854 -5.96444041033168 -1.50807379404163 0 0
66.9562043 6.45365347219854 -5.96444041033168 -1.50807379404163 0 0
67.0152443 6.45365347219854 -5.96444041033168 -1.50807379404163 0 0
67.1083076 6.45365347219854 -5.96444041033168 -1.50807379404163 0 0
67.1603509 6.45365347219854 -5.96444041033168 -1.50807379404163 0 0
67.2273871 6.45365347219854 -5.96444041033168 -1.50807379404163 0 0
67.280422 6.45365347219854 -5.96444041033168 -1.50807379404163 0 0
67.333458 6.45365347219854 -5.96444041033168 -1.50807379404163 0 0
67.3874941 6.45365347219854 -5.96444041033168 -1.50807379404163 0 0
67.4385276 6.45365347219854 -5.96444041033168 -1.50807379404163 0 0
67.4965663 6.45365347219854 -5.96444041033168 -1.50807379404163 0 0
67.550603 6.45365347219854 -5.96444041033168 -1.50807379404163 0 0
67.6026366 6.45365347219854 -5.96444041033168 -1.50807379404163 0 0
67.6566727 6.45365347219854 -5.96444041033168 -1.50807379404163 0 0
67.708708 6.45365347219854 -5.96444041033168 -1.50807379404163 0 0
67.760753 6.45365347219854 -5.96444041033168 -1.50807379404163 0 0
67.8257862 6.45365347219854 -5.96444041033168 -1.50807379404163 0 0
67.8828243 6.45365347219854 -5.96444041033168 -1.50807379404163 0 0
67.9378616 6.45365347219854 -5.96444041033168 -1.50807379404163 0 0
67.9898969 6.45365347219854 -5.96444041033168 -1.50807379404163 0 0
68.0419305 6.45365347219854 -5.96444041033168 -1.50807379404163 0 0
68.1019706 6.45365347219854 -5.96444041033168 -1.50807379404163 0 0
68.1680153 6.45365347219854 -5.96444041033168 -1.50807379404163 0 0
68.2290583 6.45365347219854 -5.96444041033168 -1.50807379404163 0 0
68.3001029 6.45365347219854 -5.96444041033168 -1.50807379404163 0 0
68.3531395 6.45365347219854 -5.96444041033168 -1.50807379404163 0 0
68.407175 6.45365347219854 -5.96444041033168 -1.50807379404163 0 0
68.4592092 6.45365347219854 -5.96444041033168 -1.50807379404163 0 0
68.5142459 6.45365347219854 -5.96444041033168 -1.50807379404163 0 0
68.5692821 6.45365347219854 -5.96444041033168 -1.50807379404163 0 0
68.6513381 6.45365347219854 -5.96444041033168 -1.50807379404163 0 0
68.7033728 6.45365347219854 -5.96444041033168 -1.50807379404163 0 0
68.7564077 6.45365347219854 -5.96444041033168 -1.50807379404163 0 0
68.8084424 6.45365347219854 -5.96444041033168 -1.50807379404163 0 0
68.8614778 6.45365347219854 -5.96444041033168 -1.50807379404163 0 0
68.9135114 6.45365347219854 -5.96444041033168 -1.50807379404163 0 0
68.9755546 6.45365347219854 -5.96444041033168 -1.50807379404163 0 0
69.0375949 6.45365347219854 -5.96444041033168 -1.50807379404163 0 0
69.0986368 6.45365347219854 -5.96444041033168 -1.50807379404163 0 0
69.296