0.0010012 87 3126
0.0520347 87 3122
0.1030773 87 3122
0.1541028 87 3122
0.2041448 87 3122
0.2551691 87 3122
0.3052447 87 3122
0.3562371 87 3122
0.4062779 87 3122
0.4573086 87 3122
0.5083392 87 3122
0.5593721 87 3128
0.6094169 87 3128
0.6604401 87 3128
0.7104735 87 3128
0.7615092 87 3128
0.8115786 87 3128
0.8625755 87 3128
0.9136085 87 3128
0.9636424 87 3128
1.0136758 87 3128
1.0647098 87 3125
1.115745 87 3125
1.1667785 87 3125
1.2178166 87 3125
1.2688466 87 3125
1.3198812 87 3125
1.3709153 87 3125
1.4219556 87 3125
1.472992 87 3125
1.5240214 87 3125
1.5750509 87 3122
1.6260856 87 3122
1.6771185 87 3122
1.7271513 87 3122
1.7781939 87 3122
1.8292257 87 3122
1.8802551 87 3122
1.930288 87 3122
1.9813266 87 3122
2.0323555 87 3122
2.0833987 86 3117
2.1344247 86 3117
2.1854622 86 3117
2.2364923 86 3117
2.2875269 86 3117
2.3385609 86 3117
2.3895944 86 3117
2.4396267 86 3117
2.4896618 86 3117
2.5396991 86 3117
2.5907366 87 3120
2.6417712 87 3120
2.6928076 87 3120
2.7438296 87 3120
2.794866 87 3120
2.8459034 87 3120
2.8969404 87 3120
2.9479892 87 3120
2.999001 87 3120
3.0490384 87 3124
3.1000725 87 3124
3.151102 87 3124
3.2011445 87 3124
3.2531701 87 3124
