0.030044 102 2263
0.0810541 102 2263
0.1310892 102 2263
0.1821227 102 2263
0.2331562 102 2263
0.2841971 101 2255
0.3352499 101 2255
0.3862623 101 2255
0.4372964 101 2255
0.488327 101 2255
0.5383655 101 2255
0.5894133 101 2255
0.6404319 101 2255
0.6914654 101 2255
0.7425 101 2255
0.7935341 102 2261
0.8445989 102 2261
0.8955988 102 2261
0.9466425 102 2261
0.9976669 102 2261
1.0487009 102 2261
1.0987406 102 2261
1.1497666 102 2261
1.200807 102 2261
1.2518347 102 2264
1.3018681 102 2264
1.3519021 102 2264
1.4029361 102 2264
1.4539742 102 2264
1.5050048 102 2264
1.5550376 102 2264
1.6060717 102 2264
1.6571069 102 2264
1.7081421 102 2264
1.759179 101 2253
1.8102073 101 2253
1.8612442 101 2253
1.9122805 101 2253
1.9633106 101 2253
2.0143498 101 2253
2.0653776 101 2253
2.1164167 101 2253
2.1674508 101 2253
2.2184809 101 2253
2.2695303 102 2256
2.320549 102 2256
2.3715933 102 2256
2.4226273 102 2256
2.4736511 102 2256
2.5246852 102 2256
2.5757238 102 2256
2.6267521 102 2256
2.6767884 102 2256
2.7278207 102 2256
2.7788542 102 2260
2.8298974 102 2260
2.880924 102 2260
2.9319592 102 2260
2.9829961 102 2260
3.034025 102 2260
3.0840578 102 2260
3.1371018 102 2260
3.1881358 102 2260
3.2391659 102 2260
3.2901965 102 2259
3.3422347 102 2259
3.3932693 102 2259
3.4443028 102 2259
3.495334 102 2259
3.5463749 102 2259
3.5974009 102 2259
3.6474383 102 2259
