0.0220142 -11 3492
0.0760503 -11 3490
0.1280862 -11 3490
0.1802213 -11 3490
0.2362588 -11 3490
0.2892937 -11 3490
0.3423302 -11 3490
0.395397 -11 3490
0.4534353 -11 3490
0.5065608 -11 3490
0.5586765 -11 3490
0.6117103 -11 3493
0.6637462 -11 3493
0.7167822 -11 3493
0.7698964 -11 3493
0.8229392 -11 3493
0.8749683 -11 3493
0.9271177 -11 3493
0.9791513 -11 3493
1.0371901 -11 3493
1.0892237 -11 3502
1.1412614 -11 3502
1.1932956 -11 3502
1.2594315 -11 3502
1.3115644 -11 3502
1.3635992 -11 3502
1.4166352 -11 3502
1.4686711 -11 3502
1.5207042 -11 3502
1.5728302 -11 3494
1.6258759 -11 3494
1.677999 -11 3494
1.7300327 -11 3494
1.7820686 -11 3494
1.8391067 -11 3494
1.8931417 -11 3494
1.9451765 -11 3494
1.9982803 -11 3494
2.0743585 -11 3497
2.1263927 -11 3497
2.178468 -11 3497
2.2305028 -11 3497
2.2825376 -11 3497
2.3345729 -11 3497
2.3866083 -11 3497
2.4406444 -11 3497
2.4936787 -11 3497
2.5467706 -11 3497
2.5998066 -11 3496
2.6568704 -11 3496
2.7109071 -11 3496
2.7639425 -11 3496
2.816978 -11 3496
2.8690122 -11 3496
2.9210487 -11 3496
2.9730817 -11 3496
3.0281202 -11 3496
3.081154 -11 3500
3.1331899 -11 3500
3.1863975 -11 3500
3.2405813 -11 3500
3.2927073 -11 3500
3.3458408 -11 3500
3.3978756 -11 3500
3.4579152 -11 3500
3.5109512 -11 3500
3.5640351 -11 3500
3.6160699 -11 3500
3.6681064 -11 3501
3.7201839 -11 3501
3.7722193 -11 3501
3.8242523 -11 3501
3.8762871 -11 3501
3.9283225 -11 3501
3.9804684 -11 3501
4.0375054 -11 3501
4.1025495 -11 3501
4.1546766 -11 3500
4.2067285 -11 3500
4.2597617 -11 3500
4.3117959 -11 3500
4.3638329 -11 3500
4.4168707 -11 3500
4.468902 -11 3500
4.5219369 -11 3500
4.5739785 -11 3500
4.6261131 -11 3500
4.678157 -11 3497
4.7301918 -11 3497
4.7823069 -11 3497
4.8374395 -11 3497
4.8894737 -11 3497
4.9415074 -11 3497
4.9945445 -11 3497
5.0545835 -11 3497
5.1126217 -11 3497
5.1646576 -11 3493
5.2206951 -11 3493
5.2738326 -11 3493
5.3269536 -11 3493
5.3799885 -11 3493
5.4320238 -11 3493
5.4840586 -11 3493
5.5361823 -11 3493
5.5892183 -11 3493
5.6432539 -11 3493
5.6953833 -11 3493
5.7474187 -11 3493
5.7996188 -11 3493
5.8596595 -11 3493
5.9116937 -11 3493
5.9637712 -11 3493
6.0168614 -11 3493
6.0688956 -11 3493
6.1459477 -11 3497
6.197983 -11 3497
6.2500173 -11 3497
6.3021524 -11 3497
6.3551907 -11 3497
6.4072238 -11 3497
6.4605198 -11 3497
6.5135547 -11 3497
6.5656687 -11 3497
6.6317921 -11 3497
6.6838263 -11 3487
6.7369364 -11 3487
6.7909726 -11 3487
6.8500565 -11 3487
6.9023638 -11 3487
6.9553987 -11 3487
7.0114379 -11 3487
7.0714763 -11 3487
7.1245129 -11 3487
7.1765476 -11 3501
7.2285824 -11 3501
7.2806178 -11 3501
7.3336532 -11 3501
7.3856874 -11 3501
7.4377216 -11 3501
7.4897564 -11 3501
7.5507989 -11 3501
7.6038338 -11 3501
7.6568692 -11 3497
7.7089023 -11 3497
7.7619389 -11 3497
7.8139737 -11 3497
7.8660854 -11 3497
7.9181214 -11 3497
7.9701584 -11 3497
8.0221909 -11 3497
8.0752252 -11 3497
8.1263762 -11 3495
8.1794117 -11 3495
8.2394512 -11 3495
8.2904853 -11 3495
8.3425361 -11 3495
8.3946547 -11 3495
8.4526986 -11 3495
8.5048172 -11 3495
8.5648579 -11 3495
8.6168915 -11 3492
8.669927 -11 3492
8.7219629 -11 3492
8.7740729 -11 3492
8.8261071 -11 3492
8.8781402 -11 3492
8.9312732 200 3492
8.9853116 200 3492
9.0463529 200 3492
9.0993872 200 3492
9.1534234 200 3494
9.2067 200 3494
9.2677419 200 3494
9.3207768 200 3494
9.3759835 200 3494
9.4290212 200 3494
9.4830562 200 3494
9.5360917 200 3494
9.589126 200 3494
9.6421631 200 3299
9.6951986 200 3299
9.7484313 200 3299
9.8024668 200 3299
9.8555941 200 3299
9.9087162 200 3299
9.96184 200 3299
10.0268818 200 3299
10.0790392 200 3299
10.1321641 178 3037
10.1924939 178 3037
10.2525346 178 3037
10.3185782 178 3037
10.370613 178 3037
10.4376589 178 3037
10.4918239 178 3037
10.5450903 178 3037
10.5981257 178 3037
10.6601689 151 2762
10.7162913 151 2762
10.76952 151 2762
10.8326654 151 2762
10.8867015 151 2762
10.9397369 151 2762
10.99896 151 2762
11.0559993 151 2762
11.1090341 151 2762
11.1620702 127 2517
11.215105 127 2517
11.2682311 127 2517
11.3212677 127 2517
11.3743391 127 2517
11.4275502 127 2517
11.4805862 127 2517
11.5376237 127 2517
11.5906597 127 2517
11.6436958 102 2264
11.696912 102 2264
11.7500227 102 2264
11.8030581 102 2264
11.8580972 102 2264
11.9111651 102 2264
11.9654487 102 2264
12.0245823 102 2264
12.0776171 102 2264
12.1307883 78 2015
12.1848255 78 2015
12.2378598 78 2015
12.2908959 78 2015
12.3439313 78 2015
12.3979669 78 2015
12.4510029 78 2015
12.5040372 78 2015
12.557165 78 2015
12.6102004 58 1813
12.6632348 58 1813
12.7202917 58 1813
12.7724166 58 1813
12.8445514 58 1813
12.8985875 58 1813
12.9517039 58 1813
13.0039371 58 1813
13.0629766 58 1813
13.1170401 38 1609
13.1691626 38 1609
13.2221947 38 1609
13.2762302 38 1609
13.3292657 38 1609
13.3823718 38 1609
13.4444264 38 1609
13.4974504 38 1609
13.5504842 38 1609
13.6035191 16 1391
13.6575552 16 1391
13.7106921 16 1391
13.764003 16 1391
13.8252861 16 1391
13.8783227 16 1391
13.9314442 16 1391
13.9855716 16 1391
14.0697178 16 1391
14.1268096 -3 1181
14.1798439 -3 1181
14.236882 -3 1181
14.2909187 -3 1181
14.3439535 -3 1181
14.3979902 -3 1181
14.4650356 -3 1181
14.5190717 -3 1181
14.5771111 -14 1074
14.6401521 -14 1074
14.6931875 -14 1074
14.7462258 -14 1074
14.7992989 -14 1074
14.869348 -14 1074
14.9223823 -14 1074
14.9755033 -14 1074
15.02954 -14 1074
15.0835835 -14 1074
15.137708 -13 1079
15.1908233 -13 1079
15.2428575 -13 1079
15.2961603 -13 1079
15.3492916 -13 1079
15.4043267 -13 1079
15.5046142 -13 1079
15.5647541 -14 1075
15.6187885 -14 1075
15.6779135 -14 1075
15.7309444 -14 1075
15.7839793 -14 1075
15.8453474 -14 1075
15.89838 -14 1075
15.9515095 -14 1075
16.004635 -14 1075
16.0646883 -14 1075
16.1177117 -13 1078
16.1697465 -13 1078
16.2237821 -13 1078
16.2808196 -13 1078
16.3338813 -13 1078
16.3869162 -13 1078
16.4399522 -13 1078
16.4999917 -13 1078
16.5530283 -13 1078
16.6060632 -14 1074
16.6591357 -14 1074
16.7131707 -14 1074
16.7662056 -14 1074
16.820248 -14 1074
16.8733706 -14 1074
16.9264962 -14 1074
16.9795322 -14 1074
17.0556686 -14 1074
17.1097035 -13 1083
17.162739 -13 1083
17.2238841 -13 1083
17.2769184 -13 1083
17.3299544 -13 1083
17.3830252 -13 1083
17.4370614 -13 1083
17.4900968 -13 1083
17.5441324 -13 1083
17.5971798 -14 1077
17.6502027 -14 1077
17.7133246 -14 1077
17.7673619 -14 1077
17.8204931 -14 1077
17.8735292 -14 1077
17.9275653 -14 1077
17.9806019 -14 1077
18.0456436 -14 1077
18.0986785 -13 1082
18.151804 -13 1082
18.2049438 -13 1082
18.2650723 -13 1082
18.3201097 -13 1082
18.3731451 -13 1082
18.4343501 -13 1082
18.4883874 -13 1082
18.5414229 -13 1082
18.5954573 -13 1082
18.6605344 -13 1082
18.7135675 -13 1082
18.7666024 -13 1082
18.8196379 -13 1082
18.8727366 -13 1082
18.9257481 -13 1082
18.9787835 -13 1082
19.0328191 -13 1082
19.0858545 -13 1082
19.1393547 -13 1082
19.1923896 -13 1082
19.2455145 -13 1082
19.297551 -13 1082
19.351586 -13 1082
19.4057162 -13 1082
19.4648047 -13 1082
19.5178418 -13 1082
19.5800435 -14 1077
19.6410843 -14 1077
19.6942868 -14 1077
19.7473234 -14 1077
