0.0010001 0 0 0
0.052033 0 0 0
0.1030686 0 0 0
0.1541037 0 0 0
0.20514 0 0 0
0.256174 0 0 0
0.3072079 0 0 0
0.358239 0 0 0
0.4092713 0 0 0
0.4603052 0 0 0
0.5113563 0 0 0
0.5623772 0 0 0
0.6134083 0 0 0
0.6644451 0 0 0
0.715495 0 0 0
0.7665085 0 0 0
0.8175493 0 0 0
0.8685867 0 0 0
0.9196149 0 0 0
0.9706495 0 0 0
1.0216777 0 0 0
1.0727128 0 0 0
1.1237468 0 0 0
1.1747819 0 0 0
1.2258187 0 0 0
1.2768527 0 0 0
1.3278866 0 0 0
1.3789212 0 0 0
1.4299546 0 0 0
1.4809885 0 0 0
1.5320191 0 0 0
1.5830525 0 0 0
1.6340859 0 0 0
1.6851215 0 0 0
1.7361549 0 0 0
1.7871929 0 0 0
1.83824 0 0 0
1.8892574 0 0 0
1.9402902 0 0 0
1.9913327 0 0 0
2.0423621 0 0 0
2.0933927 0 0 0
2.1444272 0 0 0
2.195464 0 0 0
2.2464991 0 0 0
2.297528 0 0 0
2.3485625 0 0 0
2.399597 0 0 0
2.450631 0 0 0
2.5016661 0 0 0
2.5526984 0 0 0
2.6037357 0 0 0
2.6547697 0 0 0
2.7058037 0 0 0
2.7568376 0 0 0
2.8078676 0 0 0
2.8589061 0 0 0
2.9099435 0 0 0
2.9609724 0 0 0
3.012008 0 0 0
3.0630426 0 0 0
3.114076 0 0 0
3.1651128 0 0 0
3.2161405 0 0 0
3.2671739 0 0 0
3.3182061 0 0 0
3.3692475 0 0 0
3.4202803 0 0 0
3.4713131 0 0 0
3.5223425 0 0 0
3.5733811 0 0 0
3.6244116 0 0 0
3.6754513 0 0 0
3.726483 0 0 0
3.7775169 0 0 0
3.8285503 0 0 0
3.8795814 0 0 0
3.9306148 0 0 0
3.9816494 0 0 0
4.0326828 0 0 0
4.0837179 0 0 0
4.1347524 0 0 0
4.1857858 0 0 0
4.2368186 0 0 0
4.2878566 0 0 0
4.3388905 0 0 0
4.3899245 0 0 0
4.4409556 0 0 0
4.4919884 0 0 0
4.5430293 0 0 0
4.5940792 0 0 0
4.6450909 0 0 0
4.6961249 0 0 0
4.7471588 0 0 0
4.7981911 0 0 0
4.8492262 0 0 0
4.900271 0 0 0
4.951301 0 0 0
5.0023361 0 0 0
5.0533666 0 0 0
5.1044011 0 0 0
5.1554317 0 0 0
5.2064679 0 0 0
5.2574985 0 0 0
5.3085319 0 0 0
5.3595698 0 0 0
5.4106004 0 0 0
5.4616514 0 0 0
5.5126683 0 0 0
5.5637045 0 0 0
5.6147351 0 0 0
5.6657685 0 0 0
5.7168053 0 0 0
5.7678421 0 0 0
5.8188755 0 0 0
5.8699169 0 0 0
5.920952 0 0 0
5.9719746 0 0 0
6.0230114 0 0 0
6.0740453 0 0 0
6.1250793 0 0 0
6.1761184 0 0 0
6.2271501 0 0 0
6.2781772 0 0 0
6.3292117 0 0 0
6.3802457 0 0 0
6.4312785 0 0 0
6.4823136 0 0 0
6.5333516 0 0 0
6.5843861 0 0 0
6.6354195 0 0 0
6.6864529 0 0 0
6.7374869 0 0 0
6.7885163 0 0 0
6.8395548 0 0 0
6.8905842 0 0 0
6.9416227 0 0 0
6.9926521 0 0 0
7.0436901 0 0 0
7.0947258 0 0 0
7.145754 0 0 0
7.196788 0 0 0
7.2478277 0 0 0
7.2988576 0 0 0
7.349895 0 0 0
7.400929 0 0 0
7.4519624 0 0 0
7.5029918 0 0 0
7.5540303 0 0 0
7.6050643 0 0 0
7.6560954 0 0 0
7.7071322 0 0 0
7.7581622 0 0 0
7.8091961 0 0 0
7.8602312 0 0 0
7.9112641 0 0 0
7.9622997 0 0 0
8.0133314 0 0 0
8.0643671 0 0 0
8.1154045 0 0 0
8.1664339 0 0 0
8.2174667 0 0 0
