0.0220284 0 2946
0.0730556 0 2946
0.1240874 0 2946
0.175118 0 2946
0.2261555 0 2946
0.277193 0 2943
0.3282276 0 2943
0.3792542 0 2943
0.4302883 0 2943
0.4813257 0 2943
0.5323598 0 2943
0.5833944 0 2943
0.6344245 0 2943
0.6854637 0 2943
0.736492 0 2947
0.7875266 0 2947
0.8385641 0 2947
0.8896022 0 2947
0.940655 0 2947
0.9916634 0 2947
1.0426958 0 2947
1.0937344 0 2947
1.1447633 0 2947
1.1957991 0 2947
1.2468371 0 2950
1.2978746 0 2950
1.3489046 0 2950
1.3999358 0 2950
1.4509727 0 2950
1.5020022 0 2950
1.5530397 0 2950
1.6040783 0 2950
1.6551044 0 2950
1.706139 0 2950
1.7571731 0 2938
1.8082088 0 2938
1.8592412 0 2938
1.9102769 0 2938
1.9613087 0 2938
2.0123507 0 2938
2.0633888 0 2938
