0.0290188 0 2430 0
0.0810535 0 2430 0
0.1370898 0 2430 0
0.1891251 0 2430 0
0.2411609 0 2430 0
0.2931939 0 2430 0
0.3462299 0 2430 0
0.3982652 0 2430 0
0.4513 0 2430 0
0.5033336 0 2435 0
0.5613729 0 2435 0
0.6134082 0 2435 0
0.6654423 0 2435 0
0.7184788 0 2435 0
0.7705119 0 2435 0
0.8225477 0 2435 0
0.8755831 0 2435 0
0.9286196 0 2435 0
0.9826557 0 2435 0
1.037693 0 2435 0
1.0897266 0 2435 0
1.1477647 0 2435 0
1.1997994 0 2435 0
1.2528354 0 2435 0
1.3058702 0 2435 0
1.3589056 0 2435 0
1.4109409 0 2435 0
1.4629745 0 2435 0
1.5150086 0 2437 0
1.5680457 0 2437 0
1.6210811 0 2437 0
1.6741165 0 2437 0
1.731154 0 2437 0
1.7841899 0 2437 0
1.8362229 0 2437 0
1.8882594 0 2437 0
1.949299 0 2437 0
2.0023343 0 2436 0
2.0543708 0 2436 0
2.1094115 0 2436 0
2.1614411 0 2436 0
2.2134764 0 2436 0
2.2655111 0 2436 0
2.317637 0 2436 0
2.3706701 0 2436 0
2.4237055 0 2436 0
2.4757499 0 2436 0
2.5327789 0 2442 0
2.5858148 0 2442 0
2.6378484 0 2442 0
2.6908838 0 2442 0
2.747923 0 2442 0
2.8009572 0 2442 0
2.8529914 0 2442 0
2.9060291 0 2442 0
2.9610646 0 2441 0
3.0130999 0 2441 0
3.0711387 0 2441 0
3.1241729 0 2441 0
3.17721 0 2441 0
3.2292447 0 2441 0
3.2832808 0 2441 0
3.3383158 0 2441 0
3.395355 0 2441 0
3.4473891 0 2441 0
3.4994233 0 2430 0
3.5584638 0 2430 0
3.6124999 0 2430 0
3.6645346 0 2430 0
3.7165693 0 2430 0
3.7696036 0 2430 0
3.8216394 0 2430 0
3.8817701 0 2430 0
3.9358062 0 2430 0
3.9888404 0 2430 0
4.041877 0 2430 0
4.0949124 0 2430 0
4.1499491 0 2430 0
4.2029839 0 2430 0
4.2540185 0 2430 0
4.3070562 0 2430 0
4.3600899 0 2430 0
4.4131241 0 2430 0
4.4711634 0 2434 0
4.5272014 0 2434 0
4.5792361 0 2434 0
4.6312685 0 2434 0
4.6843056 0 2434 0
4.7433462 0 2434 0
4.7963804 0 2434 0
4.8484151 0 2434 0
4.9014499 0 2434 0
4.9534847 0 2434 0
5.00652 0 2432 0
5.0596472 0 2432 0
5.1136821 0 2432 0
5.1667164 0 2432 0
5.2187505 0 2432 0
5.2707858 0 2432 0
5.3288257 0 2432 0
5.3808587 0 2432 0
5.4328946 0 2432 0
5.4849327 0 2432 0
5.5369629 0 2432 0
5.59 0 2432 0
5.6430353 0 2432 0
5.6950684 0 2432 0
5.7481055 0 2432 0
5.8011408 0 2432 0
5.8521743 0 2432 0
5.9162171 0 2432 0
5.9682518 0 2432 0
6.0202859 0 2432 0
6.0733225 0 2441 0
6.1353627 0 2441 0
6.1873969 0 2441 0
6.2405064 0 2441 0
6.293645 0 2441 0
6.3456797 0 2441 0
6.3987151 0 2441 0
6.45275 0 2441 0
6.5067866 0 2441 0
6.5598231 0 2437 0
6.6118578 0 2437 0
6.6638914 0 2437 0
6.7159261 0 2437 0
6.768961 0 2437 0
6.8220773 0 2437 0
6.8741115 0 2437 0
6.9371547 0 2437 0
6.9911913 0 2437 0
7.0442273 0 2432 0
7.0962608 0 2432 0
7.1522988 0 2432 0
7.2073367 0 2432 0
7.2593691 0 2432 0
7.3124062 0 2432 0
7.365441 0 2432 0
7.4184764 0 2432 0
7.4725113 0 2432 0
7.5255473 0 2432 0
7.5775826 0 2436 0
7.6287056 0 2436 0
7.6807408 0 2436 0
7.7467843 0 2436 0
7.8008221 0 2436 0
7.8538558 0 2436 0
7.9058899 0 2436 0
7.9579258 0 2436 0
8.0099605 0 2436 0
8.0619952 0 2434 0
8.1140305 0 2434 0
8.1660635 0 2434 0
8.2191006 0 2434 0
8.2711336 0 2434 0
8.3231843 0 2434 0
8.3762049 0 2434 0
8.429242 0 2434 0
8.4812756 0 2434 0
8.546319 0 2442 0
8.5993549 0 2442 0
8.6523886 0 2442 0
8.7054246 0 2442 0
8.7714692 0 2442 0
8.8245046 0 2442 0
8.8765387 0 2442 0
8.9345775 0 2442 0
8.9876128 0 2442 0
9.0406579 0 2430 0
9.0956838 0 2430 0
9.1537254 0 2430 0
9.2067807 0 2430 0
9.259795 0 2430 0
9.3118292 0 2430 0
9.3688689 0 2430 0
9.4209025 0 2430 0
9.4739373 0 2430 0
9.5259709 0 2430 0
9.5780068 0 2441 0
9.6300415 0 2431 0
9.6830774 0 2431 0
9.7401144 0 2431 0
9.7931498 0 2431 0
9.8451856 0 2431 0
9.8972209 0 2431 0
9.9492551 0 2431 0
10.00329 0 2431 0
10.0563265 0 2433 0
10.1093619 0 2433 0
10.1613955 0 2433 0
10.2134302 0 2433 0
10.2655527 0 2433 0
10.3185892 0 2433 0
10.3716235 0 2433 0
10.4236593 0 2433 0
10.4766936 0 2433 0
10.5387367 0 2434 0
10.5957748 0 2434 0
10.6478089 0 2434 0
10.7028462 0 2434 0
10.7548803 0 2434 0
10.8069151 0 2434 0
10.8599493 0 2434 0
10.9209906 0 2434 0
10.9730259 0 2434 0
11.0250595 0 2431 0
11.0780949 0 2431 0
11.1361342 0 2431 0
11.1961759 0 2431 0
11.2482084 0 2431 0
11.302245 0 2431 0
11.355281 0 2431 0
11.4113183 0 2431 0
11.4633542 0 2431 0
11.522393 0 2427 0
11.5754284 0 2427 0
11.6274631 0 2427 0
11.680498 0 2427 0
11.7335362 0 2427 0
11.7865699 0 2427 0
11.838604 0 2427 0
11.8916388 0 2427 0
11.9526796 0 2427 0
12.0147204 0 2436 0
12.0677575 0 2436 0
12.1277958 0 2436 0
12.1798317 0 2436 0
12.2338672 0 2436 0
12.2869026 0 2436 0
12.3499441 0 2436 0
12.40298 0 2436 0
12.4550136 0 2436 0
12.5120522 0 2435 0
12.5640864 0 2435 0
12.618123 0 2435 0
12.6701583 0 2435 0
12.722193 0 2435 0
12.7742266 0 2435 0
12.8292644 0 2435 0
12.8833005 0 2435 0
12.9413392 0 2435 0
12.9933745 0 2435 0
13.0464088 0 2436 0
13.1004454 0 2436 0
13.1574834 0 2436 0
13.2095182 0 2436 0
13.262553 0 2436 0
13.3155889 0 2436 0
13.3676237 0 2436 0
13.420663 0 2436 0
13.4736939 0 2436 0
13.5317394 0 2434 0
13.5847685 0 2434 0
13.6368021 0 2434 0
13.6888391 0 2434 0
13.7468767 0 2434 0
13.7999115 0 2434 0
13.8519462 0 2434 0
13.903981 0 2434 0
13.9570175 0 2434 0
14.0100523 0 2438 0
14.062087 0 2438 0
14.124129 0 2438 0
14.1761643 0 2438 0
14.2281973 0 2438 0
14.2812372 0 2438 0
14.3362717 0 2438 0
14.3923079 0 2438 0
14.4443421 0 2438 0
14.501379 0 2431 0
14.5534154 0 2431 0
14.6054507 0 2431 0
14.6574832 0 2431 0
14.7115209 0 2431 0
14.7635556 0 2431 0
14.8155898 0 2431 0
14.8676262 0 2431 0
14.9246626 0 2431 0
14.9766962 0 2431 0
15.0297321 0 2435 0
15.081768 0 2435 0
15.1338027 0 2435 0
15.1858368 0 2435 0
15.237871 0 2435 0
15.2899051 0 2435 0
15.3589518 0 2435 0
15.4119877 0 2435 0
15.4640219 0 2435 0
15.5160794 0 2436 0
15.568113 0 2436 0
15.6201483 0 2436 0
15.6721824 0 2436 0
15.7242171 0 2436 0
15.7762519 0 2436 0
15.8292873 0 2436 0
15.8823232 0 2436 0
15.9423867 0 2436 0
15.9944254 0 2436 0
16.0484563 0 2434 0
16.1004899 0 2434 0
16.1525246 0 2434 0
16.2055611 0 2434 0
16.2587191 0 2434 0
16.3117545 0 2434 0
16.3637898 0 2434 0
16.4170042 0 2434 0
16.470039 0 2434 0
16.5290875 0 2435 0
16.5821144 0 2435 0
16.6351509 0 2435 0
16.6921889 0 2435 0
16.7522284 0 2435 0
16.8042632 0 2435 0
16.856299 0 2435 0
16.9093333 0 2435 0
16.963371 0 2435 0
17.0144039 0 2433 0
17.0674393 0 2433 0
17.1204741 0 2433 0
17.1725083 0 2433 0
17.2245436 0 2433 0
17.2765789 0 2433 0
17.3366189 0 2433 0
17.3906556 0 2433 0
17.4436915 0 2433 0
17.4977259 0 2421 0
17.5497606 0 2421 0
17.6017953 0 2421 0
17.6538306 0 2421 0
17.7058653 0 2421 0
17.7578989 0 2421 0
17.8099336 0 2421 0
17.8619689 0 2421 0
17.914003 0 2421 0
17.9670396 0 2421 0
18.0200738 0 2405 0
18.0721085 0 2405 0
18.1241444 0 2405 0
18.1771792 0 2405 0
18.2302152 0 2405 0
18.2822487 0 2405 0
18.3392874 0 2405 0
18.3923233 0 2405 0
18.4453587 0 2405 0
18.504397 0 631 0
18.5564328 0 631 0
18.6134703 0 631 0
18.6655045 0 631 0
18.7175398 0 631 0
18.7695739 0 631 0
18.8216092 0 631 0
18.8736445 0 631 0
18.930682 0 631 0
18.9857181 0 631 0
19.0377551 0 1034 0
19.0907882 0 1034 0
19.1508545 0 1034 0
19.20489 0 1034 0
19.2569236 0 1034 0
19.3169659 0 1034 0
19.3689989 0 1034 0
19.4210337 0 1034 0
19.4730684 0 1034 0
19.5341097 0 2780 0
19.5861444 0 2780 0
19.6381785 0 2780 0
19.6902138 0 2780 0
19.7502545 0 2780 0
19.8022892 0 2780 0
19.8543239 0 2780 0
19.9083594 0 2780 0
19.9613942 0 2780 0
20.0144307 0 2221 0
20.0664643 0 2221 0
20.1184996 0 2221 0
20.1705349 0 2221 0
20.2235703 0 2221 0
20.275605 0 2221 0
20.3426497 0 2221 0
20.3956846 0 2221 0
20.4487199 0 2221 0
20.5017548 0 866 0
20.55379 0 866 0
20.6058242 0 866 0
20.6578583 0 866 0
20.7128968 0 866 0
20.7659322 0 866 0
20.8179657 0 866 0
20.870001 0 866 0
20.9220363 0 866 0
20.9800739 0 3472 0
21.0321086 0 3472 0
21.0841547 0 3472 0
21.1581928 0 3472 0
21.2112384 0 3472 0
21.2632646 0 3472 0
21.3152987 0 3472 0
21.3673323 0 3472 0
21.419367 0 3472 0
21.4714017 0 3502 0
21.5254401 0 3502 0
21.5774737 0 3502 0
21.6295072 0 3502 0
21.6825426 0 3502 0
21.7395807 0 3502 0
21.7916154 0 3502 0
21.8446502 0 3502 0
21.8966861 0 3502 0
21.9487202 0 3502 0
22.0007549 0 3512 0
22.0537915 0 3512 0
22.1058262 0 3512 0
22.1638649 0 3512 0
22.2159002 0 3512 0
22.2689356 0 3512 0
22.3249724 0 3512 0
22.3780095 0 3512 0
22.4300414 0 3512 0
22.4840786 0 3501 0
22.5451187 0 3501 0
22.5971535 0 3501 0
22.6491882 0 3501 0
22.7022224 0 3501 0
22.7552578 0 3501 0
22.8092944 0 3501 0
22.8613297 0 3501 0
22.9213692 0 3501 0
22.9754064 0 3501 0
23.0284412 0 3501 0
23.0834779 0 3515 0
23.1475212 0 3515 0
23.199556 0 3515 0
23.2525896 0 3515 0
23.3056273 0 3515 0
23.3576609 0 3515 0
23.4096956 0 3515 0
23.4617298 0 3521 0
23.513765 0 3521 0
23.5668044 0 3521 0
23.6198449 0 3521 0
23.6728706 0 3521 0
23.7319112 0 3521 0
23.7939514 0 3521 0
23.8459958 0 3521 0
23.8990221 0 3521 0
23.9620647 0 3521 0
24.0150996 0 3521 0
24.0731377 0 3520 0
24.1261748 0 3520 0
24.1782084 0 3520 0
24.2312438 0 3520 0
24.2832785 0 3520 0
24.3363145 0 3520 0
24.3893498 0 3520 0
24.441384 0 3520 0
24.4934176 0 3520 0
24.5534588 0 3520 0
24.612497 0 3517 0
24.6645329 0 3517 0
24.7175688 0 3517 0
24.7716055 0 3517 0
24.8236385 0 3517 0
24.8766813 0 3517 0
24.9287091 0 3517 0
24.9837447 0 3517 0
25.0367807 0 3517 0
25.0898172 0 3517 0
25.142852 0 3517 0
25.1948856 0 3517 0
25.2479227 0 3517 0
25.300957 0 3517 0
25.3539918 0 3517 0
25.4160349 0 3517 0
25.4680685 0 3517 0
25.5211044 0 3517 0
25.5731397 0 3515 0
25.626174 0 3515 0
25.6782098 0 3515 0
25.730244 0 3515 0
25.7832799 0 3515 0
25.8383166 0 3515 0
25.8923516 0 3515 0
25.9453887 0 3515 0
25.999423 0 3515 0
26.0524595 0 3515 0
26.1044931 0 3515 0
26.1575291 0 3515 0
26.2115645 0 3515 0
26.2635993 0 3515 0
26.3156346 0 3515 0
26.3686688 0 3515 0
26.42871 0 3515 0
26.4807459 0 3515 0
26.5387829 0 3516 0
26.5918183 0 3516 0
26.6438547 0 3516 0
26.6958883 0 3516 0
26.7569296 0 3516 0
26.8099644 0 3516 0
26.8629986 0 3516 0
26.9150356 0 3516 0
26.9680687 0 3516 0
27.0201035 0 3516 0
27.0721388 0 3519 0
27.1291774 0 3519 0
27.1822116 0 3519 0
27.241251 0 3519 0
27.2942881 0 3519 0
27.3483236 0 3519 0
27.4013584 0 3519 0
27.4554059 0 3519 0
27.508431 0 3519 0
27.5604652 0 3521 0
27.6135 0 3521 0
27.6665359 0 3521 0
27.7315793 0 3521 0
27.7866155 0 3521 0
27.8406527 0 3521 0
27.8947001 0 3521 0
27.9577319 0 3521 0
28.0117657 0 3521 0
28.0658018 0 3373 0
28.1368492 0 3373 0
28.1908847 0 3373 0
28.2439206 0 3373 0
28.2969566 0 3373 0
28.3509921 0 3373 0
28.4050287 0 3373 0
28.4600648 0 3373 0
28.5151021 0 3373 0
28.5691393 0 3151 0
28.6291782 0 3151 0
28.6832143 0 3151 0
28.738271 0 3151 0
28.7923065 0 3151 0
28.8473437 0 3151 0
28.9013815 0 3151 0
28.961421 0 3151 0
29.0244631 0 2914 0
29.0774979 0 2914 0
29.1415406 0 2914 0
29.194576 0 2914 0
29.2476125 0 2914 0
29.3016474 0 2914 0
29.3546823 0 2914 0
29.4077194 0 2914 0
29.4617543 0 2914 0
29.5257964 0 2689 0
29.578833 0 2689 0
29.6338691 0 2689 0
29.6869039 0 2689 0
29.7399388 0 2689 0
29.7929741 0 2689 0
29.8460095 0 2689 0
29.9050506 0 2689 0
29.9581881 0 2689 0
30.0203253 0 2449 0
30.0733624 0 2449 0
30.134402 0 2449 0
30.1874368 0 2449 0
30.2404733 0 2449 0
30.2945094 0 2449 0
30.3585509 0 2449 0
30.4115863 0 2449 0
30.4646223 0 2449 0
30.5276655 0 2218 0
30.5817027 0 2218 0
30.6347364 0 2218 0
30.6987808 0 2218 0
30.752814 0 2218 0
30.8058494 0 2218 0
30.8588848 0 2218 0
30.9119276 0 2218 0
30.9659574 0 2218 0
31.0209929 0 1995 0
31.0740295 0 1995 0
31.1400724 0 1995 0
31.1921088 0 1995 0
31.2451436 0 1995 0
31.310187 0 1995 0
31.370226 0 1995 0
31.424262 0 1995 0
31.4782992 0 1995 0
31.5323353 0 1797 0
31.5853695 0 1797 0
31.6394067 0 1797 0
31.6924415 0 1797 0
31.7464776 0 1797 0
31.8035162 0 1797 0
31.8565516 0 1797 0
31.9135891 0 1797 0
31.9676257 0 1797 0
32.0206657 0 1591 0
32.0736959 0 1591 0
32.13974 0 1591 0
32.1937766 0 1591 0
32.2478172 0 1591 0
32.3018482 0 1591 0
32.360887 0 1591 0
32.4149247 0 1591 0
32.4679601 0 1591 0
32.5209938 0 1368 0
32.5750299 0 1368 0
32.6290659 0 1368 0
32.6821024 0 1368 0
32.7351384 0 1368 0
32.7891727 0 1368 0
32.8422093 0 1368 0
32.9012475 0 1368 0
32.9552836 0 1368 0
33.0093196 0 1165 0
33.0643581 0 1165 0
33.1474123 0 1165 0
33.2014512 0 1165 0
33.2544838 0 1165 0
33.3075186 0 1165 0
33.366558 0 1165 0
33.4195945 0 1165 0
33.4726299 0 1165 0
33.5286724 0 1075 0
33.5827142 0 1075 0
33.6357376 0 1075 0
33.688773 0 1075 0
33.7458122 0 1075 0
33.8008489 0 1075 0
33.8538832 0 1075 0
33.9089199 0 1075 0
33.9629565 0 1075 0
34.0179938 0 1069 0
34.0710286 0 1069 0
34.1370732 0 1069 0
34.1911082 0 1069 0
34.2441453 0 1069 0
34.3001821 0 1069 0
34.3682275 0 1069 0
34.4212629 0 1069 0
34.4752978 0 1069 0
34.5403429 0 1071 0
34.5943784 0 1071 0
34.6484144 0 1071 0
34.7014487 0 1071 0
34.7624894 0 1071 0
34.8155265 0 1071 0
34.8685613 0 1071 0
34.9376074 0 1071 0
34.9906416 0 1071 0
35.0436787 0 1076 0
35.0967136 0 1076 0
35.1697617 0 1076 0
35.2227977 0 1076 0
35.2758319 0 1076 0
35.3298686 0 1076 0
35.3829034 0 1076 0
35.4369394 0 1076 0
35.4909755 0 1076 0
35.5470146 0 1079 0
35.6000494 0 1079 0
35.6530842 0 1079 0
35.706119 0 1079 0
35.7601557 0 1079 0
35.8141917 0 1079 0
35.8662276 0 1079 0
35.9362726 0 1079 0
35.9903087 0 1079 0
36.0443453 0 1071 0
36.0973812 0 1071 0
36.15542 0 1071 0
36.2124569 0 1071 0
36.2664941 0 1071 0
36.332537 0 1071 0
36.3855724 0 1071 0
36.4396096 0 1071 0
36.4926444 0 1071 0
36.5456792 0 1074 0
36.5987157 0 1074 0
36.6527512 0 1074 0
36.7067879 0 1074 0
36.7628247 0 1074 0
36.8168613 0 1074 0
36.8708979 0 1074 0
36.9239333 0 1074 0
36.9769681 0 1074 0
37.0300047 0 1073 0
37.0830389 0 1073 0
37.1440825 0 1073 0
37.1971139 0 1073 0
37.2511511 0 1073 0
37.3031864 0 1073 0
37.35622 0 1073 0
