0.0200731 0 0 0 0
0.0329958 0 0 0 0
0.0490295 0 0 0 0
0.0640017 0 0 0 0
0.0810012 0 0 0 0
0.0971218 0 0 0 0
0.1120401 0 0 0 0
0.1300066 0 0 0 0
0.1470126 0 0 0 0
0.1610123 0 0 0 0
0.1750068 0 0 0 0
0.1900385 0 0 0 0
0.2049973 0 0 0 0
0.2419979 0 0 0 0
0.2569996 0 0 0 0
0.2729978 0 0 0 0
0.2889995 0 0 0 0
0.3070166 0 0 0 0
0.3249997 0 0 0 0
0.3440009 0 0 0 0
0.3690111 0 0 0 0
0.4089973 0 0 0 0
0.4320058 0 0 0 0
0.4449958 0 0 0 0
0.4610006 0 0 0 0
0.4780061 0 0 0 0
0.4940251 0 0 0 0
0.5110049 0 0 0 0
0.5260121 0 0 0 0
0.5560171 0 0 0 0
0.5760012 0 0 0 0
0.5989976 0 0 0 0
0.6129998 0 0 0 0
0.6440054 0 0 0 0
0.6600293 0 0 0 0
0.6780079 0 0 0 0
0.7040223 0 0 0 0
0.7210054 0 0 0 0
0.7420033 0 0 0 0
0.7590105 0 0 0 0
0.7780091 0 0 0 0
0.8000018 0 0 0 0
0.8470197 0 0 0 0
0.8630059 0 0 0 0
0.8770124 0 0 0 0
0.8930041 0 0 0 0
0.9110076 0 0 0 0
0.9250207 0 0 0 0
0.9489966 0 0 0 0
0.9660005 0 0 0 0
0.9820355 0 0 0 0
0.9990289 0 0 0 0
1.015016 0 0 0 0
1.0632237 380 0 380 0
1.077019 380 0 380 0
1.0909969 380 0 380 0
1.1040344 380 0 380 0
1.1229976 380 0 380 0
1.137998 380 0 380 0
1.1589996 380 0 380 0
1.1890008 380 0 380 0
1.2069989 380 0 380 0
1.2279958 380 1.53735541124315 380 1.15301655843236
1.2439973 380 1.53735541124315 380 1.15301655843236
1.256033 380 1.53735541124315 380 1.15301655843236
1.2740425 380 1.53735541124315 380 1.15301655843236
1.2919983 380 1.53735541124315 380 1.15301655843236
1.3090234 380 1.53735541124315 380 1.15301655843236
1.327006 380 71.4355691986154 380 81.6406505127033
1.3449982 380 71.4355691986154 380 81.6406505127033
1.37201 380 71.4355691986154 380 81.6406505127033
1.3939978 380 71.4355691986154 380 81.6406505127033
1.4431572 380 92.5955076363515 380 83.3359568727164
1.4629962 380 92.5955076363515 380 83.3359568727164
1.4810064 380 92.5955076363515 380 83.3359568727164
1.4949986 380 92.5955076363515 380 83.3359568727164
1.515996 380 92.5955076363515 380 83.3359568727164
1.5560039 380 101.846476621141 380 101.846476621141
1.5819993 380 101.846476621141 380 101.846476621141
1.5959981 380 101.846476621141 380 101.846476621141
1.6100206 380 101.846476621141 380 101.846476621141
1.6329964 380 130.442439012725 380 130.442439012725
1.6500158 380 130.442439012725 380 130.442439012725
1.6649968 380 130.442439012725 380 130.442439012725
1.6810022 380 130.442439012725 380 130.442439012725
1.6969998 380 130.442439012725 380 130.442439012725
1.7139959 380 130.442439012725 380 130.442439012725
1.7530324 380 110.166410600382 380 101.692071323429
1.7870038 380 110.166410600382 380 101.692071323429
1.8290169 380 110.166410600382 380 166.666666666667
1.8749979 380 97.5337771662049 380 166.666666666667
1.8919991 380 97.5337771662049 380 166.666666666667
1.925996 380 255.050990578809 380 137.248846864599
1.9400003 380 255.050990578809 380 137.248846864599
1.9590034 380 255.050990578809 380 137.248846864599
1.9760225 380 255.050990578809 380 137.248846864599
2.0079976 380 255.050990578809 380 137.248846864599
2.0249956 380 255.050990578809 380 137.248846864599
2.0450187 380 117.652298799863 380 109.248563171301
2.0629966 380 117.652298799863 380 109.248563171301
2.0780941 380 117.652298799863 380 109.248563171301
2.0920037 380 117.652298799863 380 109.248563171301
2.1119991 380 117.652298799863 380 109.248563171301
2.1459972 380 141.407713790787 380 141.407713790787
2.1700077 380 141.407713790787 380 141.407713790787
2.1969991 380 141.407713790787 380 141.407713790787
2.2109999 380 141.407713790787 380 141.407713790787
2.2351125 380 179.706628928275 380 179.706628928275
2.2490137 380 179.706628928275 380 179.706628928275
2.2710477 380 179.706628928275 380 179.706628928275
2.2870049 380 179.706628928275 380 179.706628928275
2.3030097 380 179.706628928275 380 179.706628928275
2.3840198 380 112.70327973588 380 119.747234719372
2.4140464 380 112.70327973588 380 473.645571019206
2.4310057 380 321.218632108301 380 473.645571019206
2.4469984 380 321.218632108301 380 473.645571019206
2.4669971 380 321.218632108301 380 473.645571019206
2.4809996 380 321.218632108301 380 473.645571019206
2.4959982 380 321.218632108301 380 473.645571019206
2.517032 380 209.408978060919 380 163.477729044319
2.5389972 380 209.408978060919 380 163.477729044319
2.5710013 380 209.408978060919 380 163.477729044319
2.5840217 380 209.408978060919 380 163.477729044319
2.5989974 380 209.408978060919 380 163.477729044319
2.615995 380 209.408978060919 380 163.477729044319
2.6389959 380 146.341463414634 380 154.471544715447
2.6550003 380 146.341463414634 380 154.471544715447
2.6729967 380 146.341463414634 380 154.471544715447
2.6870026 380 146.341463414634 380 154.471544715447
2.7040072 380 146.341463414634 380 154.471544715447
2.7180221 380 146.341463414634 380 154.471544715447
2.7440047 380 173.07625739901 380 173.07625739901
2.7720029 380 173.07625739901 380 173.07625739901
2.788052 380 173.07625739901 380 173.07625739901
2.8059973 380 173.07625739901 380 173.07625739901
2.8250305 380 222.213443419519 380 234.558634720604
2.839997 380 222.213443419519 380 234.558634720604
2.8569959 380 222.213443419519 380 234.558634720604
2.8759984 380 222.213443419519 380 234.558634720604
2.8900001 380 222.213443419519 380 234.558634720604
2.9110122 380 197.674648458894 380 197.674648458894
2.9250241 380 197.674648458894 380 197.674648458894
2.9700113 380 197.674648458894 380 197.674648458894
2.9879982 380 197.674648458894 380 197.674648458894
3.0080132 380 197.674648458894 380 197.674648458894
3.0259978 380 197.674648458894 380 197.674648458894
3.0430003 380 128.771977399761 380 128.771977399761
3.0579988 380 128.771977399761 380 128.771977399761
3.0780372 380 128.771977399761 380 128.771977399761
3.0909968 380 128.771977399761 380 128.771977399761
3.1080297 380 128.771977399761 380 128.771977399761
3.1329988 380 128.771977399761 380 128.771977399761
3.1459974 380 153.873229616365 380 153.873229616365
3.1700174 380 153.873229616365 380 153.873229616365
3.1970183 380 153.873229616365 380 153.873229616365
3.2110196 380 153.873229616365 380 153.873229616365
3.2309965 380 178.57397962828 380 178.57397962828
3.245999 380 178.57397962828 380 178.57397962828
3.2610189 380 178.57397962828 380 178.57397962828
3.2809963 380 178.57397962828 380 178.57397962828
3.2969963 380 178.57397962828 380 178.57397962828
3.3160027 380 164.701231965215 380 164.701231965215
3.3300047 380 164.701231965215 380 164.701231965215
3.344997 380 164.701231965215 380 164.701231965215
3.3589962 380 164.701231965215 380 164.701231965215
3.3770118 380 164.701231965215 380 164.701231965215
3.3980004 380 164.701231965215 380 164.701231965215
3.4159982 380 148.515439665108 380 148.515439665108
3.4300099 380 148.515439665108 380 148.515439665108
3.4450063 380 148.515439665108 380 148.515439665108
3.4620028 380 148.515439665108 380 148.515439665108
3.513027 380 148.515439665108 380 161.257030806543
3.5430015 380 127.104641014126 380 161.257030806543
3.5640075 380 127.104641014126 380 161.257030806543
3.5779986 380 127.104641014126 380 161.257030806543
3.5920086 380 127.104641014126 380 161.257030806543
3.6339959 380 153.081374997321 380 130.101503566814
3.6490276 380 153.081374997321 380 130.101503566814
3.6629986 380 153.081374997321 380 130.101503566814
3.6849994 380 153.081374997321 380 130.101503566814
3.6990048 380 153.081374997321 380 130.101503566814
3.7890072 380 153.081374997321 380 121.200093021071
3.8441875 380 168.306916572737 380 257.147265381692
3.8640076 380 168.306916572737 380 257.147265381692
4.0230001 380 168.306916572737 380 257.147265381692
4.044046 380 173.082415115095 380 173.082415115095
4.0629993 380 173.082415115095 380 173.082415115095
