0.0156345 0 0 0 0
0.0316435 0 0 0 0
0.0631198 0 0 0 0
0.0947494 0 0 0 0
0.1250002 0 0 0 0
0.141061 0 0 0 0
0.1875021 0 0 0 0
0.2187482 0 0 0 0
0.2500165 0 0 0 0
0.2813211 0 0 0 0
0.3127925 0 0 0 0
0.3440308 0 0 0 0
0.4062495 0 0 0 0
0.4375075 0 0 0 0
0.4689083 0 0 0 0
0.5157439 0 0 0 0
0.5625395 0 0 0 0
0.5937564 0 0 0 0
0.6251896 0 0 0 0
0.6406706 0 0 0 0
0.6719972 0 0 0 0
0.7033855 0 0 0 0
0.7349222 0 0 0 0
0.7968864 23 0 84 0
0.8283912 23 0 84 0
0.8601205 23 0 84 0
0.8906957 23 0 84 0
0.92193 23 0 84 0
0.9377095 23 0 84 0
0.9843758 23 0 84 0
1.0312524 24 0.93432769469684 84 3.27014693143894
1.09375 24 0.93432769469684 84 3.27014693143894
1.1875011 24 0.93432769469684 84 3.27014693143894
1.2969359 25 15.0579561911352 84 30.1159123822703
1.375014 25 15.0579561911352 84 30.1159123822703
1.4062557 25 15.0579561911352 84 30.1159123822703
1.4843755 25 15.0579561911352 84 30.1159123822703
1.5469431 26 16.0012544983527 84 40.0031362458817
1.6250436 26 16.0012544983527 84 40.0031362458817
1.6562613 31 45.6462597454764 84 191.714290931001
1.6875131 31 171.234342759784 84 214.04292844973
1.7188826 33 95.6342944579926 84 318.780981526642
1.750591 34 126.149537661944 84 283.836459739375
1.8125011 35 64.6098132614872 84 129.219626522974
1.9062494 35 64.6098132614872 84 129.219626522974
1.9382326 35 64.6098132614872 84 129.219626522974
1.96875 37 64.6098132614872 84 38.4002703379032
2.0001079 36 37.3120803723532 84 127.559562343142
2.0319133 36 37.3120803723532 84 127.559562343142
2.0627594 36 37.3120803723532 84 127.559562343142
2.0944243 36 31.8078298153874 84 53.0130496923123
2.1406254 36 31.8078298153874 84 53.0130496923123
2.2343867 36 32.1685632715429 84 40.2107040894286
2.281257 37 106.568680317404 84 149.196152444366
2.3128209 37 106.568680317404 84 149.196152444366
2.3593725 37 106.568680317404 84 149.196152444366
2.3906302 38 32.014649903796 84 56.025637331643
2.4220414 38 32.014649903796 84 56.025637331643
2.5002127 40 32.014649903796 84 63.878812766637
2.5314238 38 35.5129778626301 84 63.878812766637
2.5781247 38 35.5129778626301 84 63.878812766637
2.6093757 39 64.1421184089163 84 73.2849042257908
2.6407392 39 64.1421184089163 84 73.2849042257908
2.6725692 40 79.1220616044372 84 126.595298567099
2.7034373 40 79.1220616044372 84 126.595298567099
2.718786 40 79.1220616044372 84 126.595298567099
2.7656256 40 79.1220616044372 84 126.595298567099
2.7973636 40 56.0922605501529 84 72.1186207073394
2.8289203 40 56.0922605501529 84 72.1186207073394
2.8595268 40 56.0922605501529 84 72.1186207073394
2.9062523 41 64.0640982657849 84 96.0961473986773
2.9375238 41 64.0640982657849 84 96.0961473986773
2.9687767 41 90.0241650580206 84 128.605950082887
3.0001487 41 90.0241650580206 84 128.605950082887
3.0315861 41 90.0241650580206 84 128.605950082887
3.0470387 41 90.0241650580206 84 128.605950082887
3.0787716 43 72.73064478444 84 109.09596717666
3.1099722 43 72.73064478444 84 109.09596717666
3.1418083 43 72.73064478444 84 109.09596717666
3.2031791 43 72.3429053714607 84 96.4572071619476
3.2346877 43 72.3429053714607 84 96.4572071619476
3.2662725 44 142.645664998241 84 190.194219997654
3.2970906 44 142.645664998241 84 190.194219997654
3.3282089 44 142.645664998241 84 190.194219997654
3.344407 44 142.645664998241 84 190.194219997654
3.4219995 45 71.1040323096723 84 92.435242002574
3.4380019 45 71.1040323096723 84 92.435242002574
3.4687493 51 71.1040323096723 84 210.22740136292
3.5003006 46 96.3709897621885 84 210.22740136292
3.5468764 46 96.3709897621885 84 210.22740136292
3.5786811 47 127.5827533634 84 118.255136366365
3.6100414 47 127.5827533634 84 118.255136366365
3.626139 47 127.5827533634 84 118.255136366365
3.6718737 47 127.5827533634 84 118.255136366365
3.7035278 47 80.098232472304 84 104.127702213995
3.7499995 47 80.098232472304 84 104.127702213995
3.7815043 48 128.243765749937 84 153.892518899925
3.8127099 48 128.243765749937 84 153.892518899925
3.844135 48 128.243765749937 84 153.892518899925
3.875001 49 117.65121121922 84 149.737905188098
3.9067684 49 117.65121121922 84 149.737905188098
3.9220658 49 117.65121121922 84 149.737905188098
3.9687627 49 117.65121121922 84 149.737905188098
4.0002599 48 95.8015757762522 84 103.785040424273
4.0314516 48 95.8015757762522 84 103.785040424273
4.0627726 48 95.8015757762522 84 103.785040424273
4.0948606 48 126.848955663119 84 147.990448273639
4.1252077 48 126.848955663119 84 147.990448273639
4.1874993 48 126.848955663119 84 147.990448273639
4.2187501 49 88.7887996965037 84 113.003926886459
4.2355245 49 88.7887996965037 84 113.003926886459
4.2656705 78 88.7887996965037 84 298.37767793966
4.2970412 50 153.274126944186 84 298.37767793966
4.3129535 50 153.274126944186 84 298.37767793966
4.3593736 50 153.274126944186 84 298.37767793966
4.3749995 50 153.274126944186 84 298.37767793966
4.4073983 50 108.737906305983 84 98.780902546995
4.4375081 50 108.737906305983 84 98.780902546995
4.4537105 50 108.737906305983 84 98.780902546995
4.4849418 50 154.751848962195 84 167.647836375712
4.5160708 50 154.751848962195 84 167.647836375712
4.5468763 50 154.751848962195 84 167.647836375712
4.5624978 50 154.751848962195 84 167.647836375712
4.5939186 50 100.938915438882 84 119.291445518679
4.6254056 50 100.938915438882 84 119.291445518679
4.6410479 50 100.938915438882 84 119.291445518679
4.6568792 50 100.938915438882 84 119.291445518679
4.6874989 77 100.938915438882 84 149.604136768102
4.7343904 77 78.3075321879552 84 149.604136768102
4.7657316 77 319.068829527906 84 166.170923411821
4.7971956 77 319.068829527906 84 166.170923411821
4.8285801 77 319.068829527906 84 166.170923411821
4.8604281 77 319.068829527906 84 166.170923411821
4.8910892 77 71.7946099797699 84 111.680504412975
4.9220047 77 71.7946099797699 84 111.680504412975
4.9843754 77 71.7946099797699 84 111.680504412975
5.0160775 76 104.009735311225 84 112.010484181319
5.0471613 76 104.009735311225 84 112.010484181319
5.0937761 76 104.009735311225 84 205.923916261039
5.1250968 76 119.244941033377 84 205.923916261039
5.1562733 76 119.244941033377 84 205.923916261039
5.2031335 76 119.244941033377 84 137.164928939422
5.2347802 76 136.757248590033 84 137.164928939422
5.2660472 76 511.72162343685 84 270.211416591299
5.2973392 76 511.72162343685 84 270.211416591299
5.3282933 76 511.72162343685 84 270.211416591299
5.3750005 76 511.72162343685 84 270.211416591299
5.390882 75 128.169388664058 84 136.179975455562
5.4223406 75 128.169388664058 84 136.179975455562
5.4531375 75 128.169388664058 84 136.179975455562
5.4687986 75 128.169388664058 84 136.179975455562
5.5000463 75 128.247055126997 84 146.568063002282
5.5937505 75 128.247055126997 84 146.568063002282
5.6251686 75 127.874887210353 84 119.882706759706
5.6416889 75 127.874887210353 84 119.882706759706
5.6563532 75 127.874887210353 84 119.882706759706
5.6721032 75 319.593647330541 84 362.20613364128
5.703394 75 319.593647330541 84 362.20613364128
5.7346626 75 319.593647330541 84 362.20613364128
5.7812667 74 146.569137120008 84 146.569137120008
5.8133883 74 146.569137120008 84 146.569137120008
5.8442138 74 146.569137120008 84 146.569137120008
5.8596876 74 146.569137120008 84 146.569137120008
5.9062749 74 146.569137120008 84 127.991603750794
5.9375002 74 96.0101386706436 84 127.991603750794
5.9687505 74 96.0101386706436 84 127.991603750794
6.0005387 74 237.949824313713 84 169.736420555929
6.0319563 74 237.949824313713 84 169.736420555929
6.0471061 74 237.949824313713 84 169.736420555929
6.0783638 73 192.739874410698 84 192.739874410698
6.1098291 73 192.739874410698 84 192.739874410698
6.1409607 73 192.739874410698 84 192.739874410698
6.1718783 73 192.739874410698 84 192.739874410698
6.187509 73 137.431604871309 84 146.59371186273
6.2187634 73 137.431604871309 84 146.59371186273
6.2502958 73 137.431604871309 84 146.59371186273
6.2818992 72 158.914802596032 84 169.509122769101
6.3126117 72 158.914802596032 84 169.509122769101
6.3593761 72 158.914802596032 84 169.509122769101
6.3909474 72 146.724109155401 84 137.553852333188
6.4219529 72 146.724109155401 84 137.553852333188
6.4377375 72 146.724109155401 84 137.553852333188
6.4691677 72 146.724109155401 84 137.553852333188
6.5008995 71 145.517911890723 84 145.517911890723
6.5468784 71 145.517911890723 84 145.517911890723
6.5937712 71 161.513141247549 84 183.048226747222
6.6260845 71 161.513141247549 84 183.048226747222
6.6566457 71 161.513141247549 84 183.048226747222
6.6876061 70 170.512250772367 84 181.16926644564
6.7500116 70 170.512250772367 84 181.16926644564
6.7815767 69 159.624393161265 84 170.266019372016
6.8130365 69 159.624393161265 84 170.266019372016
6.8283427 69 159.624393161265 84 170.266019372016
6.8596495 69 192.128372493365 84 204.93693065959
6.890897 69 192.128372493365 84 204.93693065959
6.921881 69 192.128372493365 84 204.93693065959
6.9534106 69 192.128372493365 84 204.93693065959
7.0312507 69 192.128372493365 84 204.93693065959
7.0633822 68 68.7174911047662 84 78.5342755483042
7.0939412 67 425.406590529795 84 458.130174416702
7.1406242 67 425.406590529795 84 458.130174416702
7.1718724 66 153.981973843595 84 179.645636150861
7.2032937 66 153.981973843595 84 179.645636150861
7.2346034 66 153.981973843595 84 179.645636150861
7.2659366 66 153.981973843595 84 179.645636150861
7.2814495 66 153.981973843595 84 179.645636150861
7.3133362 66 77.7584088650241 84 84.8273551254809
7.3442456 66 77.7584088650241 84 84.8273551254809
7.3906243 65 142.324626947745 84 155.26322939754
7.4223694 65 142.324626947745 84 155.26322939754
7.4531923 65 142.324626947745 84 155.26322939754
7.4844651 64 117.219802047723 84 138.532493329128
7.5167525 64 117.219802047723 84 138.532493329128
7.562501 64 117.219802047723 84 138.532493329128
7.5938136 63 109.740874360416 84 118.885947223784
7.6261186 63 109.740874360416 84 118.885947223784
7.6567731 63 109.740874360416 84 118.885947223784
7.6880333 62 127.361899899915 84 127.361899899915
7.7343891 62 127.361899899915 84 127.361899899915
7.7656289 62 127.361899899915 84 127.361899899915
7.797088 60 110.036522955911 84 119.206233202237
7.8288203 60 110.036522955911 84 119.206233202237
7.8439119 60 110.036522955911 84 119.206233202237
7.8594703 59 192.362256601632 84 208.392444651768
7.8909601 59 192.362256601632 84 208.392444651768
7.9072138 59 192.362256601632 84 208.392444651768
7.9531307 59 192.362256601632 84 208.392444651768
7.9843782 58 192.362256601632 84 104.076683700551
8.0166609 57 82.7021463115479 84 104.076683700551
8.0473504 57 82.7021463115479 84 104.076683700551
8.0626996 57 82.7021463115479 84 104.076683700551
8.0937541 56 155.655751739453 84 118.856164840701
8.1406288 56 155.655751739453 84 118.856164840701
8.1721941 56 155.655751739453 84 118.856164840701
8.2040453 54 108.802878198805 84 117.869784715372
8.2344788 54 108.802878198805 84 117.869784715372
8.2658003 51 178.123228888349 84 210.509270504413
8.2970014 51 178.123228888349 84 210.509270504413
8.3437592 51 178.123228888349 84 210.509270504413
8.4062481 49 96.1351275352636 84 104.146388163202
8.4229662 49 96.1351275352636 84 104.146388163202
8.4534407 49 96.1351275352636 84 104.146388163202
8.4843848 46 117.320568855442 84 127.986075115027
8.5161979 46 117.320568855442 84 127.986075115027
8.5625015 46 117.320568855442 84 127.986075115027
8.609378 43 91.4376838468931 84 118.868989000961
8.6253305 43 91.4376838468931 84 118.868989000961
8.6566547 43 91.4376838468931 84 118.868989000961
8.6722011 39 127.466151363505 84 152.959381636207
8.7041228 39 127.466151363505 84 152.959381636207
8.7349198 39 127.466151363505 84 152.959381636207
8.7812522 35 73.3601036578265 84 110.04015548674
8.8126794 35 73.3601036578265 84 110.04015548674
8.8281881 35 73.3601036578265 84 110.04015548674
8.8595603 31 89.3904972793364 84 153.240852478862
8.8910474 31 89.3904972793364 84 153.240852478862
8.9219434 31 89.3904972793364 84 153.240852478862
8.9687577 31 89.3904972793364 84 153.240852478862
9.000064 28 35.5862514652639 84 78.2897532235806
9.0317827 28 35.5862514652639 84 78.2897532235806
9.0631693 28 35.5862514652639 84 78.2897532235806
9.093833 24 53.322526634602 84 95.9805479422837
9.1256189 24 53.322526634602 84 95.9805479422837
9.1718791 24 53.322526634602 84 95.9805479422837
9.2035851 20 27.3343289103352 84 91.1144297011173
9.2345003 20 27.3343289103352 84 91.1144297011173
9.2658253 16 48.2003592533443 84 144.601077760033
9.2974775 16 48.2003592533443 84 144.601077760033
9.328468 16 48.2003592533443 84 144.601077760033
9.3906557 16 48.2003592533443 84 144.601077760033
9.422301 12 19.1723059874472 84 57.5169179623418
9.4381583 12 19.1723059874472 84 57.5169179623418
9.4694098 12 19.1723059874472 84 57.5169179623418
9.5007261 8 12.7510197628055 84 114.75917786525
9.5314143 8 12.7510197628055 84 114.75917786525
9.5937479 8 12.7510197628055 84 114.75917786525
9.6253412 84 8.02470968606533 -41 72.222387174588
9.6413955 84 8.02470968606533 -41 72.222387174588
9.6565522 84 8.02470968606533 -41 72.222387174588
9.6721514 84 8.02470968606533 -84 170.902922867238
9.7037356 84 8.02470968606533 -84 170.902922867238
9.7193355 84 8.02470968606533 -84 170.902922867238
9.78125 84 8.02470968606533 -84 170.902922867238
9.8128398 84 10.6667463117058 -84 14.215813101862
9.8439411 84 10.6667463117058 -84 14.215813101862
9.875614 84 10.6667463117058 -84 14.215813101862
9.906479 84 42.7171526454733 -84 -42.7171526454733
9.937758 84 42.7171526454733 -84 -42.7171526454733
9.9843876 84 42.7171526454733 -84 -42.7171526454733
10.0157802 3 18.2980607715194 84 -91.4903038575972
10.0477259 3 18.2980607715194 84 -91.4903038575972
10.0782901 8 18.2980607715194 84 -175.972126015239
10.1095044 8 18.2980607715194 84 -175.972126015239
10.1562954 8 18.2980607715194 84 -175.972126015239
10.1875531 8 18.2980607715194 84 -175.972126015239
10.2196696 11 18.2980607715194 84 -42.4389674599217
10.2509307 11 18.2980607715194 84 -42.4389674599217
10.2816169 9 -3.7617078454555 84 80.7137679931167
10.2973933 9 -3.7617078454555 84 80.7137679931167
10.3437484 9 -3.7617078454555 84 80.7137679931167
10.3908092 5 -3.7617078454555 84 117.408349441403
10.406638 4 15.9972996558181 84 117.408349441403
10.4378687 4 15.9972996558181 84 117.408349441403
10.4687574 4 15.9972996558181 84 117.408349441403
10.5003555 84 21.3407314535706 -84 87.9658692427338
10.5468747 84 21.3407314535706 -84 87.9658692427338
10.5781224 84 21.3407314535706 -84 87.9658692427338
10.6098298 84 21.3407314535706 -84 91.3456400269287
10.6417378 84 21.3407314535706 -84 91.3456400269287
10.6725107 84 11.6174242776286 -84 15.9538232539737
10.7037038 84 11.6174242776286 -84 15.9538232539737
10.7344681 84 11.6174242776286 -84 15.9538232539737
10.7500768 84 11.6174242776286 -84 15.9538232539737
10.7812485 84 11.6174242776286 -84 -73.5714719260459
10.8135893 84 28.3529890429874 -84 -73.5714719260459
10.8286439 84 28.3529890429874 -84 -73.5714719260459
10.8598885 84 28.3529890429874 -84 -114.445574771109
10.8908701 84 28.3529890429874 -84 -114.445574771109
10.9067536 84 28.3529890429874 -84 -114.445574771109
10.9531501 84 28.3529890429874 -84 -114.445574771109
10.9844109 84 28.3529890429874 -84 -80.3068363603657
11.0160701 84 28.3529890429874 -84 -80.3068363603657
11.0472664 84 28.3529890429874 -84 -80.3068363603657
11.0937475 9 28.3529890429874 84 -95.2947678937103
11.1098258 9 28.3529890429874 84 -95.2947678937103
11.1414757 9 28.3529890429874 84 -95.2947678937103
11.2031666 9 28.3529890429874 84 -95.2947678937103
11.2348642 12 28.3529890429874 84 -51.2789285267884
11.266315 12 28.3529890429874 84 -51.2789285267884
11.3125422 12 28.3529890429874 84 12.8736579211617
11.3284562 12 28.3529890429874 84 12.8736579211617
11.3448963 12 28.3529890429874 84 12.8736579211617
11.4062766 8 28.3529890429874 84 115.259012614459
11.4229597 8 28.3529890429874 84 115.259012614459
11.4534051 84 28.3529890429874 -84 159.291725272747
11.4845498 84 28.3529890429874 -84 159.291725272747
11.5157047 84 28.3529890429874 -84 159.291725272747
11.5468873 84 28.3529890429874 -84 159.291725272747
11.6094311 84 28.3529890429874 -84 159.291725272747
11.6412981 84 1.20815436540001 -84 31.9330682888665
11.6570365 84 1.20815436540001 -84 31.9330682888665
11.6878812 84 64.4010381447349 -84 -107.335063574558
11.7189395 84 64.4010381447349 -84 -107.335063574558
11.8125021 84 64.4010381447349 -84 -100.910858100069
11.8282583 84 21.371007094462 -84 -100.910858100069
11.8448959 84 21.371007094462 -84 -100.910858100069
11.875345 84 21.371007094462 -84 -100.910858100069
11.9067771 11 12.7358033999501 84 -100.101193206223
11.9382164 11 12.7358033999501 84 -100.101193206223
11.9843752 11 12.7358033999501 84 -100.101193206223
12.015833 15 12.7358033999501 84 -91.6960934713298
12.031529 15 12.7358033999501 84 -91.6960934713298
12.0627473 15 12.7358033999501 84 -91.6960934713298
12.0783216 16 12.7358033999501 84 -16.0029189324133
12.1100114 16 12.7358033999501 84 -16.0029189324133
12.1252553 16 12.7358033999501 84 -16.0029189324133
12.1416393 16 12.7358033999501 84 -16.0029189324133
12.1718757 13 12.7358033999501 84 74.8230168426611
12.2032585 13 12.7358033999501 84 74.8230168426611
12.2355252 13 12.7358033999501 84 74.8230168426611
12.2662565 84 5.56360114098332 -84 116.549128636333
12.2976324 84 5.56360114098332 -84 116.549128636333
12.3285267 84 5.56360114098332 -84 116.549128636333
12.3440961 84 5.56360114098332 -84 116.549128636333
12.4062647 84 16.0807123112325 -84 88.443917711779
12.4375825 84 16.0807123112325 -84 88.443917711779
12.4690469 84 51.0088270775258 -84 51.0088270775258
12.5002051 84 51.0088270775258 -84 51.0088270775258
12.5316091 84 51.0088270775258 -84 51.0088270775258
12.5937934 84 51.0088270775258 -84 51.0088270775258
12.6094971 84 35.5998069066473 -84 -49.8397296693063
12.6406803 84 35.5998069066473 -84 -49.8397296693063
12.6722584 84 47.800157103183 -84 -175.267242711671
12.7032161 84 47.800157103183 -84 -175.267242711671
12.7500042 84 47.800157103183 -84 -175.267242711671
12.7815467 84 47.800157103183 -84 -175.267242711671
12.8127217 84 14.2385947076567 -84 -78.312270892112
12.8438172 84 14.2385947076567 -84 -78.312270892112
12.8750606 14 14.2385947076567 84 -160.413481790664
12.9062511 14 14.2385947076567 84 -160.413481790664
12.9375188 14 14.2385947076567 84 -160.413481790664
12.9843751 16 14.2385947076567 78 -73.1833379835246
13.0163611 16 14.2385947076567 78 -73.1833379835246
13.0479425 16 14.2385947076567 78 -73.1833379835246
13.0937526 16 14.2385947076567 84 36.5705926721675
13.1094616 16 14.2385947076567 84 36.5705926721675
13.1406249 16 14.2385947076567 84 36.5705926721675
13.1562511 16 14.2385947076567 84 36.5705926721675
13.188243 84 14.2385947076567 -84 95.2477712021539
13.2042013 84 14.2385947076567 -84 95.2477712021539
13.235061 84 14.2385947076567 -84 95.2477712021539
13.265896 84 14.2385947076567 -84 95.2477712021539
13.2813581 84 14.2385947076567 -84 95.2477712021539
13.3124997 84 6.1873020063358 -84 91.4555795677261
13.3283297 84 6.1873020063358 -84 91.4555795677261
13.3445717 84 6.1873020063358 -84 91.4555795677261
13.3750041 84 6.1873020063358 -84 91.4555795677261
13.4218722 84 55.2023626611219 -84 9.20039377685365
13.4535115 84 127.024990049709 -84 -169.366653399612
13.4850411 84 127.024990049709 -84 -169.366653399612
13.5157893 84 127.024990049709 -84 -169.366653399612
13.5625088 84 127.024990049709 -84 -169.366653399612
13.5937482 84 21.3924029872352 -84 -71.3080099574505
13.6249973 84 21.3924029872352 -84 -71.3080099574505
13.6410405 84 21.3924029872352 -84 -71.3080099574505
13.6720722 81 38.3024360349318 -81 -114.907308104795
13.7034571 81 38.3024360349318 -81 -114.907308104795
13.7343781 81 38.3024360349318 -81 -114.907308104795
13.7656245 81 38.3024360349318 -81 -114.907308104795
13.7970449 76 38.3024360349318 -76 -56.0122330717029
13.8284397 76 38.3024360349318 -76 -56.0122330717029
13.8601804 72 38.3024360349318 -72 -79.1947478043256
13.8909865 72 38.3024360349318 -72 -79.1947478043256
13.9221321 72 38.3024360349318 -72 -79.1947478043256
13.9687498 68 38.3024360349318 -68 -36.8427936416707
14.0001062 68 38.3024360349318 -68 -36.8427936416707
14.0469273 68 38.3024360349318 -68 -36.8427936416707
14.0629137 68 38.3024360349318 -68 -36.8427936416707
14.094442 -57 38.3024360349318 84 -15.9118863382135
14.1095604 -57 38.3024360349318 84 -15.9118863382135
14.1407855 -57 38.3024360349318 84 -15.9118863382135
14.2031619 -57 38.3024360349318 84 -15.9118863382135
14.2346802 -57 38.3024360349318 84 -15.9118863382135
14.2659643 -57 38.3024360349318 84 -15.9118863382135
14.297671 72 -3.19693707852381 -72 19.6822303903478
14.3283335 72 -3.19693707852381 -72 19.6822303903478
14.3439491 72 -3.19693707852381 -72 19.6822303903478
14.3906259 78 -3.19693707852381 -78 103.45327015787
14.4063863 80 -27.5950119256443 -80 103.45327015787
14.4376457 80 -27.5950119256443 -80 103.45327015787
14.469066 82 31.9082573783857 -82 42.5236059167345
14.5005282 82 31.9082573783857 -82 42.5236059167345
14.531428 82 31.9082573783857 -82 42.5236059167345
14.5624998 82 31.9082573783857 -82 42.5236059167345
14.609376 74 42.762454564892 -74 -28.5083030432614
14.6413305 74 42.762454564892 -74 -28.5083030432614
14.6875248 67 47.8200436118798 -67 -95.6400872237595
14.7033433 67 47.8200436118798 -67 -95.6400872237595
14.7190993 67 47.8200436118798 -67 -95.6400872237595
14.7348797 67 47.8200436118798 -67 -95.6400872237595
14.7968752 60 27.4884113439176 -60 -54.9768226878352
14.8136305 60 27.4884113439176 -60 -54.9768226878352
14.8438499 60 27.4884113439176 -60 -54.9768226878352
14.8750641 60 27.4884113439176 -60 -54.9768226878352
14.9062845 57 27.4884113439176 -57 -27.3653964561812
14.9218723 57 27.4884113439176 -57 -27.3653964561812
14.9531428 57 27.4884113439176 -57 -27.3653964561812
15.0156248 56 27.4884113439176 -56 -8.01608346987395
15.0470015 56 27.4884113439176 -56 -8.01608346987395
15.0627091 56 27.4884113439176 -56 -8.01608346987395
15.0783698 56 27.4884113439176 -56 -8.01608346987395
15.1102089 56 27.4884113439176 -56 -8.01608346987395
15.1251488 56 27.4884113439176 -56 -8.01608346987395
15.1718913 56 27.4884113439176 -56 -8.01608346987395
15.2034874 56 27.4884113439176 -56 -8.01608346987395
15.2500023 56 27.4884113439176 -56 -8.01608346987395
15.2814283 56 27.4884113439176 -56 -8.01608346987395
15.2969777 56 27.4884113439176 -56 -8.01608346987395
15.3129386 56 27.4884113439176 -56 -8.01608346987395
15.3749992 56 27.4884113439176 -56 -8.01608346987395
15.4067621 56 27.4884113439176 -56 -8.01608346987395
15.4375837 56 27.4884113439176 -56 -8.01608346987395
15.468974 56 27.4884113439176 -56 -8.01608346987395
15.5000757 56 27.4884113439176 -56 -8.01608346987395
15.5161094 56 27.4884113439176 -56 -8.01608346987395
15.5937782 56 27.4884113439176 -56 -8.01608346987395
15.6095381 56 27.4884113439176 -56 -8.01608346987395
15.6257006 56 27.4884113439176 -56 -8.01608346987395
15.6565854 56 27.4884113439176 -56 -8.01608346987395
15.6882165 56 27.4884113439176 -56 -8.01608346987395
15.7189861 56 27.4884113439176 -56 -8.01608346987395
15.7656459 56 27.4884113439176 -56 -8.01608346987395
15.7812488 56 27.4884113439176 -56 -8.01608346987395
15.8131051 56 27.4884113439176 -56 -8.01608346987395
15.8282759 56 27.4884113439176 -56 -8.01608346987395
15.8750354 56 27.4884113439176 -56 -8.01608346987395
15.9063284 56 27.4884113439176 -56 -8.01608346987395
15.9687471 56 27.4884113439176 -56 -8.01608346987395
16.0004002 56 27.4884113439176 -56 -8.01608346987395
16.0315159 56 27.4884113439176 -56 -8.01608346987395
16.0632212 56 27.4884113439176 -56 -8.01608346987395
16.0787445 56 27.4884113439176 -56 -8.01608346987395
16.0944557 56 27.4884113439176 -56 -8.01608346987395
16.1251265 56 27.4884113439176 -56 -8.01608346987395
16.1718766 56 27.4884113439176 -56 -8.01608346987395
16.2032993 56 27.4884113439176 -56 -8.01608346987395
16.2352838 56 27.4884113439176 -56 -8.01608346987395
16.2501161 56 27.4884113439176 -56 -8.01608346987395
16.2819379 56 27.4884113439176 -56 -8.01608346987395
16.3135407 56 27.4884113439176 -56 -8.01608346987395
16.3437503 56 27.4884113439176 -56 -8.01608346987395
16.3749985 56 27.4884113439176 -56 -8.01608346987395
16.4063412 56 27.4884113439176 -56 -8.01608346987395
16.437585 56 27.4884113439176 -56 -8.01608346987395
16.4690702 56 27.4884113439176 -56 -8.01608346987395
16.4845193 56 27.4884113439176 -56 -8.01608346987395
16.5165109 56 27.4884113439176 -56 -8.01608346987395
16.5625 56 27.4884113439176 -56 -8.01608346987395
16.6093893 56 27.4884113439176 -56 -8.01608346987395
16.6411144 56 27.4884113439176 -56 -8.01608346987395
16.6720182 56 27.4884113439176 -56 -8.01608346987395
16.7032702 56 27.4884113439176 -56 -8.01608346987395
16.7346555 56 27.4884113439176 -56 -8.01608346987395
16.7812475 56 27.4884113439176 -56 -8.01608346987395
16.8128641 56 27.4884113439176 -56 -8.01608346987395
16.8284342 56 27.4884113439176 -56 -8.01608346987395
16.8446771 56 27.4884113439176 -56 -8.01608346987395
16.8749976 56 27.4884113439176 -56 -8.01608346987395
16.891224 56 27.4884113439176 -56 -8.01608346987395
16.9219499 56 27.4884113439176 -56 -8.01608346987395
16.9687479 56 27.4884113439176 -56 -8.01608346987395
17.0007972 56 27.4884113439176 -56 -8.01608346987395
17.0314389 56 27.4884113439176 -56 -8.01608346987395
17.0479238 56 27.4884113439176 -56 -8.01608346987395
17.0628155 56 27.4884113439176 -56 -8.01608346987395
17.094491 56 27.4884113439176 -56 -8.01608346987395
17.1101794 56 27.4884113439176 -56 -8.01608346987395
17.1562787 56 27.4884113439176 -56 -8.01608346987395
17.1879706 56 27.4884113439176 -56 -8.01608346987395
17.2190556 56 27.4884113439176 -56 -8.01608346987395
17.2502771 56 27.4884113439176 -56 -8.01608346987395
17.281693 56 27.4884113439176 -56 -8.01608346987395
17.3132322 56 27.4884113439176 -56 -8.01608346987395
17.3593737 56 27.4884113439176 -56 -8.01608346987395
17.3910372 56 27.4884113439176 -56 -8.01608346987395
17.4222189 56 27.4884113439176 -56 -8.01608346987395
17.453248 56 27.4884113439176 -56 -8.01608346987395
17.4848735 56 27.4884113439176 -56 -8.01608346987395
17.5314028 56 27.4884113439176 -56 -8.01608346987395
17.6093858 56 27.4884113439176 -56 -8.01608346987395
17.6406961 56 27.4884113439176 -56 -8.01608346987395
17.6875022 56 27.4884113439176 -56 -8.01608346987395
17.7036806 56 27.4884113439176 -56 -8.01608346987395
17.7499996 56 27.4884113439176 -56 -8.01608346987395
17.7816474 56 27.4884113439176 -56 -8.01608346987395
17.7974214 56 27.4884113439176 -56 -8.01608346987395
17.8129469 56 27.4884113439176 -56 -8.01608346987395
17.8286707 56 27.4884113439176 -56 -8.01608346987395
17.8595082 56 27.4884113439176 -56 -8.01608346987395
17.8909857 56 27.4884113439176 -56 -8.01608346987395
17.9375138 56 27.4884113439176 -56 -8.01608346987395
17.9692011 56 27.4884113439176 -56 -8.01608346987395
18.0011074 56 27.4884113439176 -56 -8.01608346987395
18.0314785 56 27.4884113439176 -56 -8.01608346987395
18.0626406 56 27.4884113439176 -56 -8.01608346987395
18.094091 56 27.4884113439176 -56 -8.01608346987395
18.1251822 56 27.4884113439176 -56 -8.01608346987395
18.1718902 56 27.4884113439176 -56 -8.01608346987395
18.2031229 56 27.4884113439176 -56 -8.01608346987395
18.2345144 56 27.4884113439176 -56 -8.01608346987395
18.2659087 56 27.4884113439176 -56 -8.01608346987395
18.2969938 56 27.4884113439176 -56 -8.01608346987395
18.3283071 56 27.4884113439176 -56 -8.01608346987395
18.3906273 56 27.4884113439176 -56 -8.01608346987395
18.40697 56 27.4884113439176 -56 -8.01608346987395
18.4375985 56 27.4884113439176 -56 -8.01608346987395
18.468748 56 27.4884113439176 -56 -8.01608346987395
18.5000041 56 27.4884113439176 -56 -8.01608346987395
18.546874 56 27.4884113439176 -56 -8.01608346987395
18.5937544 56 27.4884113439176 -56 -8.01608346987395
18.6256001 56 27.4884113439176 -56 -8.01608346987395
18.6572274 56 27.4884113439176 -56 -8.01608346987395
18.70316 56 27.4884113439176 -56 -8.01608346987395
18.7499996 56 27.4884113439176 -56 -8.01608346987395
18.7812482 56 27.4884113439176 -56 -8.01608346987395
18.8126049 56 27.4884113439176 -56 -8.01608346987395
18.844018 56 27.4884113439176 -56 -8.01608346987395
18.8753617 56 27.4884113439176 -56 -8.01608346987395
18.921911 56 27.4884113439176 -56 -8.01608346987395
18.9687707 56 27.4884113439176 -56 -8.01608346987395
19.0002399 56 27.4884113439176 -56 -8.01608346987395
19.0314641 56 27.4884113439176 -56 -8.01608346987395
19.0477124 56 27.4884113439176 -56 -8.01608346987395
19.0783102 56 27.4884113439176 -56 -8.01608346987395
19.1562608 56 27.4884113439176 -56 -8.01608346987395
19.1876649 56 27.4884113439176 -56 -8.01608346987395
19.2187722 56 27.4884113439176 -56 -8.01608346987395
19.2503968 56 27.4884113439176 -56 -8.01608346987395
19.2817658 56 27.4884113439176 -56 -8.01608346987395
19.2976817 56 27.4884113439176 -56 -8.01608346987395
19.3282154 56 27.4884113439176 -56 -8.01608346987395
19.3595468 56 27.4884113439176 -56 -8.01608346987395
19.3906308 56 27.4884113439176 -56 -8.01608346987395
19.4235535 56 27.4884113439176 -56 -8.01608346987395
19.4534066 56 27.4884113439176 -56 -8.01608346987395
19.4844784 56 27.4884113439176 -56 -8.01608346987395
19.5156924 56 27.4884113439176 -56 -8.01608346987395
19.5314021 56 27.4884113439176 -56 -8.01608346987395
19.5625064 56 27.4884113439176 -56 -8.01608346987395
19.6093783 56 27.4884113439176 -56 -8.01608346987395
19.6408538 56 27.4884113439176 -56 -8.01608346987395
19.6729379 56 27.4884113439176 -56 -8.01608346987395
19.7343756 56 27.4884113439176 -56 -8.01608346987395
19.7656349 56 27.4884113439176 -56 -8.01608346987395
19.8281316 56 27.4884113439176 -56 -8.01608346987395
19.8445509 56 27.4884113439176 -56 -8.01608346987395
19.8753787 56 27.4884113439176 -56 -8.01608346987395
19.9374992 56 27.4884113439176 -56 -8.01608346987395
19.9843815 56 27.4884113439176 -56 -8.01608346987395
20.0157718 56 27.4884113439176 -56 -8.01608346987395
20.0316371 56 27.4884113439176 -56 -8.01608346987395
20.047079 56 27.4884113439176 -56 -8.01608346987395
20.0627063 56 27.4884113439176 -56 -8.01608346987395
20.0784416 56 27.4884113439176 -56 -8.01608346987395
20.1406481 56 27.4884113439176 -56 -8.01608346987395
20.2031484 56 27.4884113439176 -56 -8.01608346987395
20.2355884 56 27.4884113439176 -56 -8.01608346987395
20.2656441 56 27.4884113439176 -56 -8.01608346987395
20.2812951 56 27.4884113439176 -56 -8.01608346987395
20.2975215 56 27.4884113439176 -56 -8.01608346987395
20.3285032 56 27.4884113439176 -56 -8.01608346987395
20.3593776 56 27.4884113439176 -56 -8.01608346987395
20.4064741 56 27.4884113439176 -56 -8.01608346987395
20.4222612 56 27.4884113439176 -56 -8.01608346987395
20.4535282 56 27.4884113439176 -56 -8.01608346987395
20.4849903 56 27.4884113439176 -56 -8.01608346987395
20.5156958 56 27.4884113439176 -56 -8.01608346987395
20.5781269 56 27.4884113439176 -56 -8.01608346987395
20.6095378 56 27.4884113439176 -56 -8.01608346987395
20.6408505 56 27.4884113439176 -56 -8.01608346987395
20.6721269 56 27.4884113439176 -56 -8.01608346987395
20.7039782 56 27.4884113439176 -56 -8.01608346987395
20.7500007 56 27.4884113439176 -56 -8.01608346987395
20.7812506 56 27.4884113439176 -56 -8.01608346987395
20.7978609 56 27.4884113439176 -56 -8.01608346987395
20.8284239 56 27.4884113439176 -56 -8.01608346987395
20.8438269 56 27.4884113439176 -56 -8.01608346987395
20.8754686 56 27.4884113439176 -56 -8.01608346987395
20.9066914 56 27.4884113439176 -56 -8.01608346987395
20.9531257 56 27.4884113439176 -56 -8.01608346987395
20.9843754 56 27.4884113439176 -56 -8.01608346987395
21.0162965 56 27.4884113439176 -56 -8.01608346987395
21.0322353 56 27.4884113439176 -56 -8.01608346987395
21.0469081 56 27.4884113439176 -56 -8.01608346987395
21.0625868 56 27.4884113439176 -56 -8.01608346987395
21.0784616 56 27.4884113439176 -56 -8.01608346987395
21.1096128 56 27.4884113439176 -56 -8.01608346987395
21.1408993 56 27.4884113439176 -56 -8.01608346987395
21.187506 56 27.4884113439176 -56 -8.01608346987395
21.2191521 56 27.4884113439176 -56 -8.01608346987395
21.2501822 56 27.4884113439176 -56 -8.01608346987395
21.2663502 56 27.4884113439176 -56 -8.01608346987395
21.2975326 56 27.4884113439176 -56 -8.01608346987395
21.3134832 56 27.4884113439176 -56 -8.01608346987395
21.390643 56 27.4884113439176 -56 -8.01608346987395
21.406566 56 27.4884113439176 -56 -8.01608346987395
21.4376962 56 27.4884113439176 -56 -8.01608346987395
21.4689517 56 27.4884113439176 -56 -8.01608346987395
21.5009295 56 27.4884113439176 -56 -8.01608346987395
21.5624972 56 27.4884113439176 -56 -8.01608346987395
21.60938 56 27.4884113439176 -56 -8.01608346987395
21.6408971 56 27.4884113439176 -56 -8.01608346987395
21.6723213 56 27.4884113439176 -56 -8.01608346987395
21.718754 56 27.4884113439176 -56 -8.01608346987395
21.7656239 56 27.4884113439176 -56 -8.01608346987395
21.7976323 56 27.4884113439176 -56 -8.01608346987395
21.8136406 56 27.4884113439176 -56 -8.01608346987395
21.8441302 56 27.4884113439176 -56 -8.01608346987395
21.8750945 56 27.4884113439176 -56 -8.01608346987395
21.8911591 56 27.4884113439176 -56 -8.01608346987395
21.9531227 56 27.4884113439176 -56 -8.01608346987395
22.0156259 56 27.4884113439176 -56 -8.01608346987395
22.0313397 56 27.4884113439176 -56 -8.01608346987395
22.0470709 56 27.4884113439176 -56 -8.01608346987395
22.0783343 56 27.4884113439176 -56 -8.01608346987395
22.110174 56 27.4884113439176 -56 -8.01608346987395
22.2031255 56 27.4884113439176 -56 -8.01608346987395
22.2195153 56 27.4884113439176 -56 -8.01608346987395
22.2503874 56 27.4884113439176 -56 -8.01608346987395
22.2814108 56 27.4884113439176 -56 -8.01608346987395
22.3126125 56 27.4884113439176 -56 -8.01608346987395
22.3906539 56 27.4884113439176 -56 -8.01608346987395
22.4062908 56 27.4884113439176 -56 -8.01608346987395
22.4382032 56 27.4884113439176 -56 -8.01608346987395
22.4843811 56 27.4884113439176 -56 -8.01608346987395
22.5001846 56 27.4884113439176 -56 -8.01608346987395
22.5158167 56 27.4884113439176 -56 -8.01608346987395
22.5316146 56 27.4884113439176 -56 -8.01608346987395
22.5781266 56 27.4884113439176 -56 -8.01608346987395
22.6406306 56 27.4884113439176 -56 -8.01608346987395
22.6722147 56 27.4884113439176 -56 -8.01608346987395
22.7034884 56 27.4884113439176 -56 -8.01608346987395
22.7190858 56 27.4884113439176 -56 -8.01608346987395
22.7656229 56 27.4884113439176 -56 -8.01608346987395
22.7970219 56 27.4884113439176 -56 -8.01608346987395
22.8283672 56 27.4884113439176 -56 -8.01608346987395
22.8438271 56 27.4884113439176 -56 -8.01608346987395
22.8596424 56 27.4884113439176 -56 -8.01608346987395
22.8910395 56 27.4884113439176 -56 -8.01608346987395
22.9374988 56 27.4884113439176 -56 -8.01608346987395
22.9689864 56 27.4884113439176 -56 -8.01608346987395
23.0001914 56 27.4884113439176 -56 -8.01608346987395
23.0161325 56 27.4884113439176 -56 -8.01608346987395
23.0314048 56 27.4884113439176 -56 -8.01608346987395
23.0468734 56 27.4884113439176 -56 -8.01608346987395
23.0789176 56 27.4884113439176 -56 -8.01608346987395
23.109666 56 27.4884113439176 -56 -8.01608346987395
23.1406278 56 27.4884113439176 -56 -8.01608346987395
23.1875345 56 27.4884113439176 -56 -8.01608346987395
23.2192444 56 27.4884113439176 -56 -8.01608346987395
23.2500848 56 27.4884113439176 -56 -8.01608346987395
23.2819068 56 27.4884113439176 -56 -8.01608346987395
23.3136413 56 27.4884113439176 -56 -8.01608346987395
23.3438191 56 27.4884113439176 -56 -8.01608346987395
23.4063198 56 27.4884113439176 -56 -8.01608346987395
23.4229349 56 27.4884113439176 -56 -8.01608346987395
23.4532909 56 27.4884113439176 -56 -8.01608346987395
23.4844216 56 27.4884113439176 -56 -8.01608346987395
23.5157344 56 27.4884113439176 -56 -8.01608346987395
23.5781431 56 27.4884113439176 -56 -8.01608346987395
23.6562607 56 27.4884113439176 -56 -8.01608346987395
23.6718732 56 27.4884113439176 -56 -8.01608346987395
23.7032349 56 27.4884113439176 -56 -8.01608346987395
23.7500098 56 27.4884113439176 -56 -8.01608346987395
23.7812904 56 27.4884113439176 -56 -8.01608346987395
23.8126039 56 27.4884113439176 -56 -8.01608346987395
23.8437514 56 27.4884113439176 -56 -8.01608346987395
23.8752735 56 27.4884113439176 -56 -8.01608346987395
23.9065023 56 27.4884113439176 -56 -8.01608346987395
23.9531242 56 27.4884113439176 -56 -8.01608346987395
24.0000354 56 27.4884113439176 -56 -8.01608346987395
24.0163684 56 27.4884113439176 -56 -8.01608346987395
24.0470011 56 27.4884113439176 -56 -8.01608346987395
24.0783984 56 27.4884113439176 -56 -8.01608346987395
24.1096906 56 27.4884113439176 -56 -8.01608346987395
24.1407247 56 27.4884113439176 -56 -8.01608346987395
24.1875153 56 27.4884113439176 -56 -8.01608346987395
24.2190209 56 27.4884113439176 -56 -8.01608346987395
24.2345942 56 27.4884113439176 -56 -8.01608346987395
24.2657199 56 27.4884113439176 -56 -8.01608346987395
24.2970253 56 27.4884113439176 -56 -8.01608346987395
24.3281228 56 27.4884113439176 -56 -8.01608346987395
24.3750048 56 27.4884113439176 -56 -8.01608346987395
24.4068514 56 27.4884113439176 -56 -8.01608346987395
24.4383358 56 27.4884113439176 -56 -8.01608346987395
24.4531618 56 27.4884113439176 -56 -8.01608346987395
24.4847393 56 27.4884113439176 -56 -8.01608346987395
24.5312485 56 27.4884113439176 -56 -8.01608346987395
24.5632798 56 27.4884113439176 -56 -8.01608346987395
24.6093924 56 27.4884113439176 -56 -8.01608346987395
24.6258184 56 27.4884113439176 -56 -8.01608346987395
24.6565489 56 27.4884113439176 -56 -8.01608346987395
24.6886116 56 27.4884113439176 -56 -8.01608346987395
24.718749 56 27.4884113439176 -56 -8.01608346987395
24.7503412 56 27.4884113439176 -56 -8.01608346987395
24.7968749 56 27.4884113439176 -56 -8.01608346987395
24.8136473 56 27.4884113439176 -56 -8.01608346987395
24.8286272 56 27.4884113439176 -56 -8.01608346987395
24.8598938 56 27.4884113439176 -56 -8.01608346987395
24.8910656 56 27.4884113439176 -56 -8.01608346987395
24.9219905 56 27.4884113439176 -56 -8.01608346987395
24.9843774 56 27.4884113439176 -56 -8.01608346987395
25.0007141 56 27.4884113439176 -56 -8.01608346987395
25.0313652 56 27.4884113439176 -56 -8.01608346987395
25.0628531 56 27.4884113439176 -56 -8.01608346987395
25.0940849 56 27.4884113439176 -56 -8.01608346987395
25.1875848 56 27.4884113439176 -56 -8.01608346987395
25.2187479 56 27.4884113439176 -56 -8.01608346987395
25.2501548 56 27.4884113439176 -56 -8.01608346987395
25.2660207 56 27.4884113439176 -56 -8.01608346987395
25.2817325 56 27.4884113439176 -56 -8.01608346987395
25.2975098 56 27.4884113439176 -56 -8.01608346987395
25.3281487 56 27.4884113439176 -56 -8.01608346987395
25.3750058 56 27.4884113439176 -56 -8.01608346987395
25.4062962 56 27.4884113439176 -56 -8.01608346987395
25.4228979 56 27.4884113439176 -56 -8.01608346987395
25.4533029 56 27.4884113439176 -56 -8.01608346987395
25.4843764 56 27.4884113439176 -56 -8.01608346987395
25.500721 56 27.4884113439176 -56 -8.01608346987395
25.5312755 56 27.4884113439176 -56 -8.01608346987395
25.5626968 56 27.4884113439176 -56 -8.01608346987395
25.6093808 56 27.4884113439176 -56 -8.01608346987395
25.6417932 56 27.4884113439176 -56 -8.01608346987395
25.6719463 56 27.4884113439176 -56 -8.01608346987395
25.7037916 56 27.4884113439176 -56 -8.01608346987395
25.7193709 56 27.4884113439176 -56 -8.01608346987395
25.7344858 56 27.4884113439176 -56 -8.01608346987395
25.7656253 56 27.4884113439176 -56 -8.01608346987395
25.812501 56 27.4884113439176 -56 -8.01608346987395
25.8440876 56 27.4884113439176 -56 -8.01608346987395
25.8751428 56 27.4884113439176 -56 -8.01608346987395
25.9065123 -84 27.4884113439176 -60 -8.01608346987395
25.9222098 -84 27.4884113439176 -60 -8.01608346987395
25.9687492 -84 27.4884113439176 -60 -8.01608346987395
26.0002712 -84 27.4884113439176 -60 -8.01608346987395
26.0319121 -84 27.4884113439176 -60 -8.01608346987395
26.0626382 -84 -0.177283116909502 -61 -8.01608346987395
26.0945849 -84 -0.177283116909502 -61 -8.01608346987395
26.125119 -84 -0.177283116909502 -61 -8.01608346987395
26.1410153 -84 -0.177283116909502 -61 -8.01608346987395
26.1718728 -84 -0.177283116909502 -61 -8.01608346987395
26.21875 -84 -51.2453254654677 -64 -0.178521614665165
26.2344712 -84 -51.2453254654677 -64 -0.178521614665165
26.2660378 -84 -253.765241774834 -65 -190.323931331126
26.2814188 -84 -253.765241774834 -65 -190.323931331126
26.2973859 -84 -253.765241774834 -65 -190.323931331126
26.3127844 -84 -253.765241774834 -65 -190.323931331126
26.3287294 -84 -253.765241774834 -65 -190.323931331126
26.390625 -84 -253.765241774834 -65 -190.323931331126
26.4218755 -84 -109.087852297615 -66 -96.2539873214248
26.4536221 -84 -109.087852297615 -66 -96.2539873214248
26.4845798 -84 -303.00952247294 -66 -287.061652869101
26.5159235 -84 -303.00952247294 -66 -287.061652869101
26.5317694 -84 -303.00952247294 -66 -287.061652869101
26.5937509 -84 -192.358600398823 -65 -183.198667046499
26.6406401 -84 -192.358600398823 -65 -183.198667046499
26.6718727 -84 -281.611534808466 -64 -281.611534808466
26.6879371 -84 -281.611534808466 -64 -281.611534808466
26.7033405 -84 -281.611534808466 -64 -281.611534808466
26.7190439 -84 -281.611534808466 -64 -281.611534808466
26.7968731 -84 -191.999385601966 -63 -183.999411201884
26.8281267 -84 -191.999385601966 -63 -183.999411201884
26.8600469 -84 -191.999385601966 -63 -183.999411201884
26.8908157 -84 -234.185555860706 -62 -234.185555860706
26.9218751 -84 -234.185555860706 -62 -234.185555860706
26.9687488 -84 -234.185555860706 -62 -234.185555860706
27.0314177 -84 -163.582310351204 -61 -156.470035988108
27.0627924 -84 -701.201923843097 -59 -701.201923843097
27.0943403 -84 -701.201923843097 -59 -701.201923843097
27.1099937 -84 -701.201923843097 -59 -701.201923843097
27.1875245 -84 -701.201923843097 -45 -192.514486715125
27.2343771 -84 -134.044585560368 -59 -192.514486715125
27.250122 -84 -134.044585560368 -59 -192.514486715125
27.2656619 -84 -134.044585560368 -59 -192.514486715125
27.3125049 -84 -317.594917210945 -57 -159.393920556476
27.3282808 -84 -317.594917210945 -57 -159.393920556476
27.4062486 -84 -317.594917210945 -45 -156.109100058587
27.4379197 -84 -128.050719467195 -56 -156.109100058587
27.4533308 -84 -128.050719467195 -56 -156.109100058587
27.4850676 -84 -381.777343211469 -55 -215.684035575179
27.5010033 -84 -381.777343211469 -55 -215.684035575179
27.5625024 -84 -381.777343211469 -55 -215.684035575179
27.5942833 -84 -173.967662158463 -55 -155.655276668098
27.6259591 -84 -173.967662158463 -55 -155.655276668098
27.6565022 -84 -173.967662158463 -55 -155.655276668098
27.6877066 -84 -192.671421369187 -55 -171.2634856615
27.7188168 -84 -192.671421369187 -55 -171.2634856615
27.7812495 -84 -192.671421369187 -55 -171.2634856615
27.8125473 -84 -144.183747768156 -55 -128.163331349472
27.8439224 -84 -144.183747768156 -55 -128.163331349472
27.8751934 -84 -287.328341269449 -54 -255.402970017288
27.9069885 -84 -287.328341269449 -54 -255.402970017288
27.9688067 -84 -287.328341269449 -54 -255.402970017288
28.0000219 -84 -144.197839435706 -53 -136.186848355944
28.0470917 -84 -144.197839435706 -53 -136.186848355944
28.0781282 -84 -287.760583194782 -52 -271.773884128405
28.1094889 -84 -287.760583194782 -52 -271.773884128405
28.1718754 -84 -287.760583194782 -52 -271.773884128405
28.1875107 -84 -144.072843229537 -51 -136.068796383452
28.2192231 -84 -144.072843229537 -51 -136.068796383452
28.2500041 -84 -144.072843229537 -51 -136.068796383452
28.2969358 -84 -164.496079967028 -50 -146.218737748469
28.3750191 -84 -164.496079967028 -50 -146.218737748469
28.4063922 -84 -164.449040896649 -49 -155.312983069058
28.4377997 -84 -164.449040896649 -49 -155.312983069058
28.4843868 -84 -230.785208206722 -47 -217.963807750793
28.5158304 -84 -230.785208206722 -47 -217.963807750793
28.547885 -84 -230.785208206722 -47 -217.963807750793
28.6093852 -84 -144.001843223593 -46 -128.001638420972
28.65625 -84 -144.001843223593 -46 -128.001638420972
28.7031271 -84 -192.016590233396 -46 -160.013825194497
28.7189629 -84 -192.016590233396 -46 -160.013825194497
28.7656294 -84 -192.016590233396 -46 -160.013825194497
28.7819427 -84 -215.693339897178 -45 -190.317652850451
28.8126293 -84 -215.693339897178 -45 -190.317652850451
28.8439384 -84 -215.693339897178 -45 -190.317652850451
28.8906239 -84 -182.500166397211 -44 -171.764862491492
28.9062737 -84 -182.500166397211 -44 -171.764862491492
28.9531265 -84 -182.500166397211 -44 -171.764862491492
28.9843905 -84 -164.688573906742 -42 -146.38984347266
29.0156715 -84 -164.688573906742 -42 -146.38984347266
29.0314244 -84 -164.688573906742 -42 -146.38984347266
29.0781312 -84 -192.01904828959 -41 -170.683598479636
29.109779 -84 -192.01904828959 -41 -170.683598479636
29.140956 -84 -192.01904828959 -41 -170.683598479636
29.1718788 -84 -192.01904828959 -41 -170.683598479636
29.2041225 -84 -134.929951512525 -40 -119.055839569875
29.2347929 -84 -134.929951512525 -40 -119.055839569875
29.266036 -84 -134.929951512525 -40 -119.055839569875
29.2974417 -84 -171.454534543802 -38 -150.022717725827
29.3136036 -84 -171.454534543802 -38 -150.022717725827
29.3437504 -84 -171.454534543802 -38 -150.022717725827
29.3754394 -84 -205.134253958771 -38 -166.671581341501
29.4068641 -84 -205.134253958771 -38 -166.671581341501
29.4385301 -84 -205.134253958771 -38 -166.671581341501
29.4690642 -84 -149.533029710077 -37 -128.171168322923
29.6718783 -84 -73.9593548969228 -37 -59.1674839175383
29.7034971 -84 -442.7745518489 -37 -347.894290738421
29.7343908 -84 -442.7745518489 -37 -347.894290738421
29.7656241 -84 -442.7745518489 -37 -347.894290738421
29.7973618 -84 -138.497219934651 -36 -117.18995532932
29.8128655 -84 -138.497219934651 -36 -117.18995532932
29.8438875 -84 -138.497219934651 -36 -117.18995532932
29.8601873 -84 -138.497219934651 -36 -117.18995532932
29.8909494 -84 -128.222114895563 -33 -117.536938654266
29.9687479 -84 -128.222114895563 -33 -117.536938654266
29.9844847 -84 -117.602659103034 -31 -106.911508275485
30.0158364 -84 -117.602659103034 -31 -106.911508275485
30.0470587 -84 -117.602659103034 -31 -106.911508275485
30.0781258 -84 -117.469786237026 -29 -106.790714760933
30.1097096 -84 -117.469786237026 -29 -106.790714760933
30.1408021 -84 -117.469786237026 -29 -106.790714760933
30.1718743 -84 -117.469786237026 -29 -106.790714760933
30.2031243 -84 -96.0011520138242 -28 -80.0009600115201
30.234427 -84 -96.0011520138242 -28 -80.0009600115201
30.2508625 -84 -96.0011520138242 -28 -80.0009600115201
30.296878 -84 -149.32743987704 -27 -117.328702760531
30.3285213 -84 -149.32743987704 -27 -117.328702760531
30.3749996 -84 -149.32743987704 -27 -117.328702760531
30.4062603 -84 -127.991457484438 -27 -91.4224696317412
30.4230319 -84 -127.991457484438 -27 -91.4224696317412
30.4533568 -84 -127.991457484438 -27 -91.4224696317412
30.4843771 -84 -127.991457484438 -12 -153.616123548328
30.5005077 -84 -148.545211857303 -24 -153.616123548328
30.5316822 -84 -148.545211857303 -24 -153.616123548328
30.5781235 -84 -148.545211857303 -11 -106.670762823959
30.6096359 -84 -128.289479712851 -24 -106.670762823959
30.6409564 -84 -128.289479712851 -24 -106.670762823959
30.6874993 -84 -128.289479712851 -24 -106.670762823959
30.7192788 -84 -136.807764114229 -25 -70.843956975048
30.7500033 -84 -136.807764114229 -25 -70.843956975048
30.7813419 -84 -209.464238815012 -25 -145.013703795009
30.8127522 -84 -209.464238815012 -25 -145.013703795009
30.8445112 -84 -209.464238815012 -25 -145.013703795009
30.9062506 -84 -209.464238815012 -11 -82.3179264663109
30.9999994 -84 -58.943873152785 -9 -95.4893990852116
31.0315883 -84 -257.163613920266 -22 -95.4893990852116
31.062917 -84 -351.115750094961 -23 -89.7532554787952
31.0942125 -84 -351.115750094961 -23 -89.7532554787952
31.1251716 -84 -351.115750094961 -23 -89.7532554787952
31.1718754 -84 -100.955961174173 -22 -73.4225172175803
31.2038243 -84 -100.955961174173 -22 -73.4225172175803
31.2192344 -84 -100.955961174173 -22 -73.4225172175803
31.2508619 -84 -100.955961174173 -22 -73.4225172175803
31.2968961 -84 -100.955961174173 -9 -55.9907279354539
31.3285985 -84 -63.8068032089717 -21 -55.9907279354539
31.374998 -84 -63.8068032089717 -21 -55.9907279354539
31.3906237 -84 -193.46975100443 -21 -85.3537271838818
31.4218764 -84 -193.46975100443 -21 -85.3537271838818
31.453752 -84 -193.46975100443 -21 -85.3537271838818
31.4693975 -84 -165.029489500316 -26 -88.8620328078625
31.5007051 -84 -165.029489500316 -26 -88.8620328078625
31.5319882 -84 -165.029489500316 -26 -88.8620328078625
31.6250023 -84 -165.029489500316 -10 -44.9857587940732
31.6410962 -84 -69.8898710357155 -29 -44.9857587940732
31.6724392 -84 -382.860606834062 -30 -168.645084312002
31.7034936 -84 -382.860606834062 -30 -168.645084312002
31.7189216 -84 -382.860606834062 -30 -168.645084312002
31.7349441 -84 -382.860606834062 -30 -168.645084312002
31.7812485 -84 -382.860606834062 -30 -168.645084312002
31.8126938 -84 -85.5586911231432 -35 -49.9092364885002
31.8439511 -84 -85.5586911231432 -35 -49.9092364885002
31.8756009 -84 -143.068111548617 -33 -111.275197871147
31.9066998 -84 -143.068111548617 -33 -111.275197871147
31.9374984 -84 -143.068111548617 -33 -111.275197871147
31.9844181 -84 -73.5177894671063 -31 -55.1383421003297
32.0167663 -84 -73.5177894671063 -31 -55.1383421003297
32.0468722 -84 -73.5177894671063 -31 -55.1383421003297
32.0782724 -84 -74.5836898256127 -26 -63.9288769933823
32.1097474 -84 -74.5836898256127 -26 -63.9288769933823
32.1410124 -84 -74.5836898256127 -26 -63.9288769933823
32.1875057 -84 -74.5836898256127 -26 -63.9288769933823
32.2188724 -84 -64.0113798008535 -25 -42.674253200569
32.2500056 -84 -64.0113798008535 -25 -42.674253200569
32.2663201 -84 -64.0113798008535 -25 -42.674253200569
32.2822753 -84 -141.949343011124 -24 -94.6328953407494
32.3136646 -84 -141.949343011124 -24 -94.6328953407494
32.3594509 -84 -141.949343011124 -24 -94.6328953407494
32.3909952 -84 -82.781533095597 -28 -45.989740608665
32.4225594 -84 -82.781533095597 -28 -45.989740608665
32.4386175 -84 -82.781533095597 -28 -45.989740608665
32.4538734 -84 -82.781533095597 -28 -45.989740608665
32.4844065 -83 -96.3480863664246 -40 -42.8213717184109
32.5000102 -83 -96.3480863664246 -40 -42.8213717184109
32.5625148 -83 -96.3480863664246 -40 -42.8213717184109
32.594023 -72 -72.9817135194063 -37 -45.6135709496289
32.625429 -72 -72.9817135194063 -37 -45.6135709496289
32.6567729 -72 -72.9817135194063 -37 -45.6135709496289
32.703183 -58 -95.3681794532436 -38 -52.9823219184687
32.7343755 -58 -95.3681794532436 -38 -52.9823219184687
32.7656262 -58 -95.3681794532436 -38 -52.9823219184687
32.7969359 -48 -85.356277100618 -35 -53.3476731878862
32.8127831 -48 -85.356277100618 -35 -53.3476731878862
32.8439438 -48 -85.356277100618 -35 -53.3476731878862
32.87529 -58 -64.3976512030018 -12 -75.1305930701688
32.9218968 -79 -64.3976512030018 -16 -75.1305930701688
32.9379517 -79 -64.3976512030018 -16 -75.1305930701688
32.9687801 84 -64.3976512030018 -84 -42.7852788690995
33.0003352 84 -39.9855412282919 -84 -42.7852788690995
33.0313675 84 -39.9855412282919 -84 -42.7852788690995
33.0469602 84 -39.9855412282919 -84 -42.7852788690995
33.0626693 84 -48.1277503003974 -84 -21.3017045623991
33.0939699 84 -48.1277503003974 -84 -21.3017045623991
33.1406242 84 -48.1277503003974 -84 -21.3017045623991
33.1726564 84 -48.1277503003974 -84 -21.3017045623991
33.2036422 84 7.09356195410607 -84 -35.4678097705304
33.2346011 84 7.09356195410607 -84 -35.4678097705304
33.2657694 84 48.2880284319911 -84 -112.672066341313
33.2820416 84 48.2880284319911 -84 -112.672066341313
33.3131179 84 48.2880284319911 -84 -112.672066341313
33.3443586 84 48.2880284319911 -84 -112.672066341313
33.4062503 84 21.3552162607159 -84 -56.947243361909
33.4221871 84 21.3552162607159 -84 -56.947243361909
33.4381276 84 21.3552162607159 -84 -56.947243361909
33.4697836 84 15.7397774080679 -84 -141.657996672611
33.5003838 84 15.7397774080679 -84 -141.657996672611
33.5313306 84 15.7397774080679 -84 -141.657996672611
33.5782477 84 15.7397774080679 -84 -82.9767637402606
33.6101798 84 15.7397774080679 -84 -82.9767637402606
33.6258093 84 15.7397774080679 -84 -82.9767637402606
33.6566239 84 15.7397774080679 -84 -82.9767637402606
33.6730154 84 15.7397774080679 -84 -82.9767637402606
33.7034674 84 15.7397774080679 -84 -79.8596386990226
33.7499999 84 15.7397774080679 -84 -79.8596386990226
33.7968802 84 3.05720083914049 -84 -117.756881283935
33.8126366 84 3.05720083914049 -84 -117.756881283935
33.8291241 84 3.05720083914049 -84 -117.756881283935
33.8595379 84 3.05720083914049 -84 -117.756881283935
33.8910941 84 10.6141450465377 -84 -116.755595511915
33.953135 84 10.6141450465377 -84 -116.755595511915
34.0156413 84 10.6141450465377 -84 -116.755595511915
34.0313904 84 7.12777172313169 -84 -78.4054889544485
34.0630463 84 31.5896878622942 -84 -347.486566485237
34.0943608 84 31.5896878622942 -84 -347.486566485237
34.1250016 84 31.5896878622942 -84 -347.486566485237
34.1718773 84 31.5896878622942 -84 -347.486566485237
34.203127 84 15.979801530865 -84 -79.8990076543249
34.2191068 84 15.979801530865 -84 -79.8990076543249
34.2348986 84 15.979801530865 -84 -79.8990076543249
34.2507248 84 15.979801530865 -84 -79.8990076543249
34.2815952 84 21.4153627387679 -84 -96.3691323244556
34.3125936 84 21.4153627387679 -84 -96.3691323244556
34.3906372 84 21.4153627387679 -84 -96.3691323244556
34.4065241 78 8.00455298974056 -78 -64.0364239179245
34.4222222 78 8.00455298974056 -78 -64.0364239179245
34.4384257 78 8.00455298974056 -78 -64.0364239179245
34.4533954 78 8.00455298974056 -78 -64.0364239179245
34.4845801 69 25.6226299067336 -69 -115.301834580301
34.5157806 69 25.6226299067336 -69 -115.301834580301
34.5625131 69 25.6226299067336 -69 -115.301834580301
34.5937861 23 18.3140120506199 51 -82.4130542277897
34.6256233 23 18.3140120506199 51 -82.4130542277897
34.6562698 23 18.3140120506199 51 -82.4130542277897
34.687611 26 18.3140120506199 55 -74.6070605990521
34.7499976 26 18.3140120506199 55 -74.6070605990521
34.7812524 27 18.3140120506199 56 -21.3580745268653
34.8128321 27 18.3140120506199 56 -21.3580745268653
34.8291523 27 18.3140120506199 56 -21.3580745268653
34.8602607 27 18.3140120506199 56 -21.3580745268653
34.8914882 26 18.3140120506199 55 18.1429263451619
34.9220256 26 18.3140120506199 55 18.1429263451619
34.9687495 26 18.3140120506199 55 18.1429263451619
35.000245 25 18.3140120506199 53 27.5844820737646
35.0321848 25 18.3140120506199 53 27.5844820737646
35.0630749 23 2.13088401001686 52 31.8319780868663
35.0940369 23 2.13088401001686 52 31.8319780868663
35.156253 23 2.13088401001686 52 31.8319780868663
35.1874991 23 2.13088401001686 52 31.8319780868663
35.2812491 23 2.13088401001686 52 31.8319780868663
35.3281237 23 2.13088401001686 52 31.8319780868663
35.3906251 23 2.13088401001686 52 31.8319780868663
35.4063196 23 2.13088401001686 52 31.8319780868663
35.4380417 23 2.13088401001686 52 31.8319780868663
35.4844494 23 2.13088401001686 52 31.8319780868663
35.5165019 23 2.13088401001686 52 31.8319780868663
35.5937493 23 2.13088401001686 52 31.8319780868663
35.6406244 23 2.13088401001686 52 31.8319780868663
35.6722946 23 2.13088401001686 52 31.8319780868663
35.6883511 23 2.13088401001686 52 31.8319780868663
35.7192894 23 2.13088401001686 52 31.8319780868663
35.7812619 23 2.13088401001686 52 31.8319780868663
35.8126872 23 2.13088401001686 52 31.8319780868663
35.8440165 23 2.13088401001686 52 31.8319780868663
35.8755365 23 2.13088401001686 52 31.8319780868663
35.907391 23 2.13088401001686 52 31.8319780868663
35.9221721 23 2.13088401001686 52 31.8319780868663
35.9687665 23 2.13088401001686 52 31.8319780868663
35.9843993 23 2.13088401001686 52 31.8319780868663
36.0160866 23 2.13088401001686 52 31.8319780868663
36.0469279 23 2.13088401001686 52 31.8319780868663
36.0787335 23 2.13088401001686 52 31.8319780868663
36.1098388 23 2.13088401001686 52 31.8319780868663
36.1562485 23 2.13088401001686 52 31.8319780868663
36.1877988 23 2.13088401001686 52 31.8319780868663
36.2188385 23 2.13088401001686 52 31.8319780868663
36.2504254 23 2.13088401001686 52 31.8319780868663
36.2813528 23 2.13088401001686 52 31.8319780868663
36.3131486 23 2.13088401001686 52 31.8319780868663
36.3283476 23 2.13088401001686 52 31.8319780868663
36.3906266 23 2.13088401001686 52 31.8319780868663
36.4223478 23 2.13088401001686 52 31.8319780868663
36.438324 23 2.13088401001686 52 31.8319780868663
36.4538432 23 2.13088401001686 52 31.8319780868663
36.5158863 23 2.13088401001686 52 31.8319780868663
36.5625523 23 2.13088401001686 52 31.8319780868663
36.5781394 23 2.13088401001686 52 31.8319780868663
36.6094216 23 2.13088401001686 52 31.8319780868663
36.6407576 23 2.13088401001686 52 31.8319780868663
36.6564904 23 2.13088401001686 52 31.8319780868663
36.6720547 23 2.13088401001686 52 31.8319780868663
36.6876251 23 2.13088401001686 52 31.8319780868663
36.7031986 23 2.13088401001686 52 31.8319780868663
36.7343756 23 2.13088401001686 52 31.8319780868663
36.7812598 23 2.13088401001686 52 31.8319780868663
36.8125883 23 2.13088401001686 52 31.8319780868663
36.8444174 23 2.13088401001686 52 31.8319780868663
36.8594089 23 2.13088401001686 52 31.8319780868663
36.8914265 23 2.13088401001686 52 31.8319780868663
36.9219073 23 2.13088401001686 52 31.8319780868663
37.0000282 23 2.13088401001686 52 31.8319780868663
37.0313171 23 2.13088401001686 52 31.8319780868663
37.0626327 23 2.13088401001686 52 31.8319780868663
37.093814 23 2.13088401001686 52 31.8319780868663
37.1250324 23 2.13088401001686 52 31.8319780868663
37.1875001 23 2.13088401001686 52 31.8319780868663
37.2037062 23 2.13088401001686 52 31.8319780868663
37.2197433 23 2.13088401001686 52 31.8319780868663
37.2502303 23 2.13088401001686 52 31.8319780868663
37.2818585 23 2.13088401001686 52 31.8319780868663
37.3126572 23 2.13088401001686 52 31.8319780868663
37.3437476 23 2.13088401001686 52 31.8319780868663
37.3906278 23 2.13088401001686 52 31.8319780868663
37.4219907 23 2.13088401001686 52 31.8319780868663
37.4532304 23 2.13088401001686 52 31.8319780868663
37.4843738 23 2.13088401001686 52 31.8319780868663
37.5312914 23 2.13088401001686 52 31.8319780868663
37.5469703 23 2.13088401001686 52 31.8319780868663
37.5784966 23 2.13088401001686 52 31.8319780868663
37.610309 23 2.13088401001686 52 31.8319780868663
37.6408877 23 2.13088401001686 52 31.8319780868663
37.6718848 23 2.13088401001686 52 31.8319780868663
37.6875001 23 2.13088401001686 52 31.8319780868663
37.7187532 23 2.13088401001686 52 31.8319780868663
37.7656332 23 2.13088401001686 52 31.8319780868663
37.812509 23 2.13088401001686 52 31.8319780868663
37.8437777 23 2.13088401001686 52 31.8319780868663
37.8756296 23 2.13088401001686 52 31.8319780868663
37.906611 23 2.13088401001686 52 31.8319780868663
37.9222355 23 2.13088401001686 52 31.8319780868663
38.0000002 23 2.13088401001686 52 31.8319780868663
38.0313885 23 2.13088401001686 52 31.8319780868663
38.0629924 23 2.13088401001686 52 31.8319780868663
38.0939822 23 2.13088401001686 52 31.8319780868663
38.1562642 23 2.13088401001686 52 31.8319780868663
38.1718729 23 2.13088401001686 52 31.8319780868663
38.1879116 23 2.13088401001686 52 31.8319780868663
38.2187621 23 2.13088401001686 52 31.8319780868663
38.2501662 23 2.13088401001686 52 31.8319780868663
38.2814297 23 2.13088401001686 52 31.8319780868663
38.3126352 23 2.13088401001686 52 31.8319780868663
38.3439279 23 2.13088401001686 52 31.8319780868663
38.4062496 23 2.13088401001686 52 31.8319780868663
38.4219865 23 2.13088401001686 52 31.8319780868663
38.4535514 23 2.13088401001686 52 31.8319780868663
38.4844206 23 2.13088401001686 52 31.8319780868663
38.5157191 23 2.13088401001686 52 31.8319780868663
38.593752 23 2.13088401001686 52 31.8319780868663
38.6250316 23 2.13088401001686 52 31.8319780868663
38.6562888 23 2.13088401001686 52 31.8319780868663
38.6878353 23 2.13088401001686 52 31.8319780868663
38.7190592 23 2.13088401001686 52 31.8319780868663
38.7656246 23 2.13088401001686 52 31.8319780868663
38.7818247 23 2.13088401001686 52 31.8319780868663
38.81304 23 2.13088401001686 52 31.8319780868663
38.8447005 23 2.13088401001686 52 31.8319780868663
38.8751051 23 2.13088401001686 52 31.8319780868663
38.8911819 23 2.13088401001686 52 31.8319780868663
38.9223129 23 2.13088401001686 52 31.8319780868663
38.9843887 23 2.13088401001686 52 31.8319780868663
39.0157207 23 2.13088401001686 52 31.8319780868663
39.0470504 23 2.13088401001686 52 31.8319780868663
39.0785356 23 2.13088401001686 52 31.8319780868663
39.1096752 23 2.13088401001686 52 31.8319780868663
39.1417908 23 2.13088401001686 52 31.8319780868663
