0.0030752 0 0 0 0
0.0140402 0 0 0 0
0.0260225 0 0 0 0
0.0361506 0 0 0 0
0.0472412 0 0 0 0
0.0580965 0 0 0 0
0.0689989 0 0 0 0
0.0800046 0 0 0 0
0.0910046 0 0 0 0
0.1020016 0 0 0 0
0.1130228 0 0 0 0
0.1260252 0 0 0 0
0.1379976 0 0 0 0
0.1490345 0 0 0 0
0.1602438 0 0 0 0
0.1710439 0 0 0 0
0.181172 0 0 0 0
0.1921858 0 0 0 0
0.2031372 0 0 0 0
0.2141443 0 0 0 0
0.2250182 0 0 0 0
0.2370145 0 0 0 0
0.2480135 0 0 0 0
0.2590388 0 0 0 0
0.2700081 0 0 0 0
0.2810238 0 0 0 0
0.2930077 0 0 0 0
0.3050042 0 0 0 0
0.3160127 0 0 0 0
0.3270006 0 0 0 0
0.3381076 0 0 0 0
0.3520127 0 0 0 0
0.3630028 0 0 0 0
0.3740265 0 0 0 0
0.3851398 0 0 0 0
0.3961934 0 0 0 0
0.4071362 0 0 0 0
0.4180972 0 0 0 0
0.4292524 0 0 0 0
0.4402268 0 0 0 0
0.4511318 0 0 0 0
0.4619986 0 0 0 0
0.4722339 0 0 0 0
0.4832061 0 0 0 0
0.4949971 0 0 0 0
0.5060038 0 0 0 0
0.5190388 0 0 0 0
0.5299994 0 0 0 0
0.5411077 0 0 0 0
0.5520009 0 0 0 0
0.5630031 0 0 0 0
0.575018 0 0 0 0
0.5890094 0 0 0 0
0.6000009 0 0 0 0
0.61012 0 0 0 0
0.6211294 0 0 0 0
0.63201 0 0 0 0
0.6432568 0 0 0 0
0.6540006 0 0 0 0
0.6652389 0 0 0 0
0.6761331 0 0 0 0
0.6871482 0 0 0 0
0.6980003 0 0 0 0
0.7100121 0 0 0 0
0.722004 0 0 0 0
0.7329992 0 0 0 0
0.743119 0 0 0 0
0.7541921 0 0 0 0
0.7650873 0 0 0 0
0.7762186 0 0 0 0
0.7870411 0 0 0 0
0.7980132 0 0 0 0
0.8090226 0 0 0 0
0.8200015 0 0 0 0
0.8300947 0 0 0 0
