0.0214834 23 0 84 0
0.0419787 23 0 84 0
0.0589753 23 0 84 0
0.0714761 23 0 84 0
0.0844818 23 0 84 0
0.0969783 23 0 84 0
0.1109753 23 0 84 0
0.1259967 23 0 84 0
0.1434764 23 0 84 0
0.1589775 23 0 84 0
0.1729794 23 0 84 0
0.1865048 23 0 84 0
0.2019796 23 0 84 0
0.2169816 23 0 84 0
0.2324763 23 0 84 0
0.2465175 23 0 84 0
0.2639885 23 0 84 0
0.4104882 23 0 84 0
0.4274769 23 0 84 0
0.4514822 23 0 84 0
0.5512381 23 0 84 0
0.568989 23 0 84 0
0.5930703 23 0 84 0
0.6075423 23 0 84 0
0.6270343 23 0 84 0
0.6435352 23 0 84 0
0.6765397 23 0 84 0
0.6920313 23 0 84 0
0.7080345 23 0 84 0
0.7300439 23 0 84 0
0.7430331 23 0 84 0
0.7550333 23 0 84 0
0.7710356 23 0 84 0
0.8295531 23 0 84 0
0.8460373 23 0 84 0
0.8810912 23 0 84 0
0.8990951 23 0 84 0
0.9300927 23 0 84 0
0.949122 23 0 84 0
0.977596 23 0 84 0
0.9906398 23 0 84 0
1.003151 23 0 84 0
1.0170972 23 0 84 0
1.033597 23 0 84 0
1.0460887 23 0 84 0
1.0800937 23 0 84 0
1.0930888 23 0 84 0
1.1115939 23 0 84 0
1.1285917 23 0 84 0
1.1445961 23 0 84 0
1.1570913 23 0 84 0
1.1691213 23 0 84 0
1.1986247 23 0 84 0
1.2136194 23 0 84 0
1.2291062 23 0 84 0
1.2461011 23 0 84 0
1.262595 23 0 84 0
1.2825978 23 0 84 0
1.2970942 23 0 84 0
1.3125934 23 0 84 0
1.326601 23 0 84 0
1.3420971 23 0 84 0
1.3565896 23 0 84 0
1.3725997 23 0 84 0
1.3880887 23 0 84 0
1.4040914 23 0 84 0
1.4195933 23 0 84 0
1.4376069 23 0 84 0
1.4530913 23 0 84 0
1.4705986 23 0 84 0
1.4895883 23 0 84 0
1.5076049 23 0 84 0
1.5220955 23 0 84 0
1.5415916 23 0 84 0
1.5570949 23 0 84 0
1.5725915 23 0 84 0
1.5910968 23 0 84 0
1.6075978 23 0 84 0
1.6210955 23 0 84 0
1.6415919 23 0 84 0
1.6610889 23 0 84 0
1.6790916 23 0 84 0
1.6915887 23 0 84 0
1.7100907 23 0 84 0
1.7460898 23 0 84 0
1.7785918 23 0 84 0
1.7955891 23 0 84 0
1.8085926 23 0 84 0
1.8286189 23 0 84 0
1.8440887 23 0 84 0
1.8615901 23 0 84 0
1.8780893 23 0 84 0
1.9121196 25 0.00588635255093666 84 0.0235454102037467
1.9315917 25 0 84 0
1.9455906 25 0 84 0
1.9640937 25 0 84 0
1.9800898 25 0 84 0
2.0175907 34 0.0117727051018733 84 0.10595434591686
2.0355932 34 0 84 0
2.0505969 34 0 84 0
2.0660934 34 0 84 0
2.0810912 34 0 84 0
2.111094 46 0.0147158813773417 84 0.117727051018733
2.1255961 46 0 84 0
2.1385924 46 0 84 0
2.1531438 46 0 84 0
2.1715895 46 0 84 0
2.1891157 46 0 84 0
2.2300968 80 0.01765905765281 84 0.111840698467797
2.2510989 80 0 84 0
2.2736158 80 0 84 0
2.2890909 80 0 84 0
2.3245918 79 0 84 0.117727051018733
2.3391071 79 0.0294317627546833 84 0
2.3585913 79 0 84 0
2.3765904 79 0 84 0
2.3925922 79 0 84 0
2.4226013 79 0.044147644132025 84 0.114783874743265
2.4440918 79 0 84 0
2.461591 79 0 84 0
2.4780919 79 0 84 0
2.5115911 84 0.097124817090455 63 0.120670227294202
2.5305941 84 0 63 0
2.5450904 84 0 63 0
2.5625893 84 0 63 0
2.5815898 84 0 63 0
2.6226119 84 0.111840698467797 59 0.120670227294202
2.6425955 84 0 59 0
2.6555884 84 0 59 0
2.678604 84 0 59 0
2.6915898 84 0.120670227294202 58 0.111840698467797
2.7110912 84 0 58 0
2.7300916 84 0 58 0
2.7460885 84 0 58 0
2.7590884 84 0 58 0
2.7720902 84 0 58 0
2.7850893 84 0 58 0
2.7980946 84 0 58 0
2.813594 79 0.126556579845138 84 0.07063623061124
2.8325906 79 0 84 0
2.8482019 79 0 84 0
2.8645917 79 0 84 0
2.8775899 79 0 84 0
2.9076531 84 0 56 0.05297717295843
2.9215907 78 0.126556579845138 84 0
2.9370914 78 0 84 0
2.951093 78 0 84 0
2.965095 78 0 84 0
2.9825901 78 0 84 0
3.0045918 51 0.126556579845138 84 0.0412044678565567
3.0181239 51 0 84 0
3.032091 51 0 84 0
3.0495968 51 0 84 0
3.0700893 51 0 84 0
3.0825964 51 0 84 0
3.1031213 51 0 84 0
3.1205898 31 0.132442932396075 84 0.0500339966829617
3.1365938 31 0 84 0
3.1555918 31 0 84 0
3.1890974 20 0.126556579845138 84 0.08829528826405
3.2045985 20 0 84 0
3.2235915 20 0 84 0
3.2390888 20 0 84 0
3.2541119 20 0 84 0
3.2815938 20 0 84 0
3.3140946 20 0 84 0
3.3365933 14 0.114783874743265 84 0.108897522192328
3.3505933 14 0 84 0
3.366642 14 0 84 0
3.379591 14 0 84 0
3.3930898 14 0 84 0
3.4295908 16 0.0853521119885816 84 0.126556579845138
3.4470888 16 0 84 0
3.4635909 16 0 84 0
3.4775888 16 0 84 0
3.5110903 22 0.0647498780603033 84 0.126556579845138
3.5315938 22 0 84 0
3.5455885 22 0 84 0
3.5615906 22 0 84 0
3.5790929 22 0 84 0
3.6126342 38 0.03531811530562 84 0.120670227294202
3.6291583 38 0 84 0
3.6466275 38 0 84 0
3.6646243 38 0 84 0
3.680126 38 0 84 0
3.6956307 38 0 84 0
3.7316292 73 0.01765905765281 84 0.114783874743265
3.7471303 73 0 84 0
3.7651273 73 0 84 0
3.778634 73 0 84 0
3.7916274 73 0 84 0
3.8166268 73 0.0147158813773417 84 0.114783874743265
3.8331259 73 0 84 0
3.8486248 73 0 84 0
3.8681293 73 0 84 0
3.883626 73 0 84 0
3.9121404 84 0.008829528826405 17 0.117727051018733
3.9321288 84 0 17 0
3.9491317 84 0 17 0
3.9701352 84 0 17 0
4.0071258 84 0 17 0
4.0226476 84 0.0117727051018733 -4 0.114783874743265
4.0416341 84 0 -4 0
4.0541241 84 0 -4 0
4.0721431 84 0 -4 0
4.0951276 84 0.0294317627546833 -19 0.114783874743265
4.1121261 84 0 -19 0
4.1281496 84 0 -19 0
4.1431261 84 0 -19 0
4.1556264 84 0 -19 0
4.1736322 84 0 -19 0
4.1926275 84 0 -19 0
4.2106244 84 0.0470908204074933 -29 0.114783874743265
4.227127 84 0 -29 0
4.2432073 84 0 -29 0
4.2621287 84 0 -29 0
4.2786259 84 0 -29 0
4.2976275 84 0 -29 0
4.3211258 84 0.097124817090455 -34 0.114783874743265
4.3396275 84 0 -34 0
4.3616264 84 0 -34 0
4.3791254 84 0 -34 0
4.3976266 84 0 -34 0
4.417125 84 0.100067993365923 -38 0.100067993365923
4.4316282 84 0 -38 0
4.4461714 84 0 -38 0
4.4636369 84 0 -38 0
4.4791254 84 0 -38 0
4.5131259 84 0.114783874743265 -37 0.0382612915810883
4.5281425 84 0 -37 0
4.5461259 84 0 -37 0
4.564134 84 0 -37 0
4.5862074 84 0 -37 0
4.5991337 84 0.126556579845138 -32 0
4.614629 84 0 -32 0
4.6326306 84 0 -32 0
4.649625 84 0 -32 0
4.6671277 84 0 -32 0
4.6841271 84 0.132442932396075 -24 -0.00588635255093666
4.7011273 84 0 -24 0
4.7211301 84 0 -24 0
4.7341259 84 0 -24 0
4.7471262 84 0 -24 0
4.767128 84 0 -24 0
4.7821283 84 0.132442932396075 -12 -0.008829528826405
4.8061267 84 0 -12 0
4.8251305 84 0 -12 0
4.8396865 84 0 -12 0
4.8566292 84 0 -12 0
4.8726498 84 0 -12 0
4.8851407 84 0 -12 0
4.9266296 84 0.126556579845138 11 -0.0147158813773417
4.9421267 84 0 11 0
4.9617179 84 0 11 0
4.9766255 84 0 11 0
5.0116735 78 0.126556579845138 84 -0.0206022339282783
5.029129 78 0 84 0
5.0456249 78 0 84 0
5.0591499 78 0 84 0
5.0796256 78 0 84 0
5.1071311 -2 0.135386108671543 84 -0.026488586479215
5.1281274 -2 0 84 0
5.1451267 -2 0 84 0
5.1631287 -2 0 84 0
5.1951305 -34 0.135386108671543 84 -0.0294317627546833
5.2126263 -34 0 84 0
5.2306299 -34 0 84 0
5.2471441 -34 0 84 0
5.2631272 -34 0 84 0
5.2911277 -49 0.129499756120607 84 -0.0294317627546833
5.3106292 -49 0 84 0
5.3266345 -49 0 84 0
5.3446307 -49 0 84 0
5.3601428 -49 0 84 0
5.3751266 -56 0.12361340356967 84 -0.0206022339282783
5.3876265 -56 0 84 0
5.3991325 -56 0 84 0
5.4151251 -56 0 84 0
5.4316287 -56 0 84 0
5.4481262 -56 0 84 0
5.464668 -56 0 84 0
5.481627 -56 0 84 0
5.518626 49 0.129499756120607 -84 -0.0117727051018733
5.5341291 49 0 -84 0
5.5506268 49 0 -84 0
5.5686421 49 0 -84 0
5.6046358 52 -0.026488586479215 -84 0.0765225831621766
5.6206306 52 0 -84 0
5.6366339 52 0 -84 0
5.6491289 52 0 -84 0
5.6641401 52 0 -84 0
5.6911278 52 0 -84 0
5.7066254 53 -0.008829528826405 -84 0
5.7201452 53 0 -84 0
5.7351279 53 0 -84 0
5.7571272 53 0 -84 0
5.7971297 51 0 -84 -0.103011169641392
5.8101466 46 0.0647498780603033 -84 0
5.8271635 46 0 -84 0
5.8411252 46 0 -84 0
5.8596295 46 0 -84 0
5.8781273 34 0.07063623061124 -84 -0.111840698467797
5.8941307 34 0 -84 0
5.9091255 34 0 -84 0
5.9276291 34 0 -84 0
5.9436299 34 0 -84 0
5.9581271 34 0 -84 0
5.9756306 34 0 -84 0
6.0051304 9 0.0676930543357716 -84 -0.114783874743265
6.0191299 9 0 -84 0
6.0316263 9 0 -84 0
6.0476251 9 0 -84 0
6.0636605 9 0 -84 0
6.080131 9 0 -84 0
6.1056389 -57 0.0500339966829617 -84 -0.103011169641392
6.1266297 -57 0 -84 0
6.1441308 -57 0 -84 0
6.1611292 -57 0 -84 0
6.2021662 -84 0.0412044678565567 -4 -0.097124817090455
6.2176267 -84 0 -4 0
6.2316365 -84 0 -4 0
6.2486264 -84 0 -4 0
6.2706399 -84 0 -4 0
6.2901297 -84 0 -4 0
6.3271276 -84 0.008829528826405 31 -0.111840698467797
6.3431362 -84 0 31 0
6.3576276 -84 0 31 0
6.3721244 -84 0 31 0
6.3886439 -84 0 31 0
6.4071281 -84 -0.03531811530562 49 -0.117727051018733
6.4231466 -84 0 49 0
6.4376265 -84 0 49 0
6.4541413 -84 0 49 0
6.4716266 -84 0 49 0
6.4876278 -84 0 49 0
6.5096277 -84 -0.10595434591686 52 -0.03531811530562
6.5251268 -84 0 52 0
6.5401325 -84 0 52 0
6.5586278 -84 0 52 0
6.5726664 -84 0 52 0
6.6051805 -84 -0.129499756120607 49 0.008829528826405
6.6236334 -84 0 49 0
6.6391256 -84 0 49 0
6.6596829 -84 0 49 0
6.6741246 -84 0 49 0
6.693628 -84 -0.135386108671543 34 0.0323749390301517
6.7076265 -84 0 34 0
6.7246331 -84 0 34 0
6.7381297 -84 0 34 0
6.7616386 -84 0 34 0
6.7951294 -84 0 34 0
6.8356502 -84 -0.126556579845138 34 0.0500339966829617
6.8516297 -84 0 34 0
6.8641548 -84 0 34 0
6.8791286 -84 0 34 0
6.8956285 -84 0 34 0
6.9286492 -84 -0.132442932396075 34 0.061806701784835
6.9446562 -84 0 34 0
6.957144 -84 0 34 0
6.9711303 -84 0 34 0
6.9841247 -84 0 34 0
6.9966243 -84 0 34 0
7.0131262 -84 0 34 0
7.0386313 -84 -0.135386108671543 34 0.0588635255093666
7.0546494 -84 0 34 0
7.0666629 -84 0 34 0
7.0941358 -84 0 34 0.0470908204074933
7.111631 -84 -0.132442932396075 34 0
7.1276897 -84 0 34 0
7.1431359 -84 0 34 0
7.1591362 -84 0 34 0
7.1721371 -84 0 34 0
7.198627 -84 -0.0765225831621766 34 0.0147158813773417
7.2166271 -84 0 34 0
7.231629 -84 0 34 0
7.2486294 -84 0 34 0
7.2661278 -84 0 34 0
7.2861297 -84 0 34 0
7.3006261 -84 0 34 0
7.3171288 -84 0 34 0
7.3316818 -84 0 34 0
7.3456309 -84 0 34 0
7.3581262 -84 0 34 0
7.3746266 -84 0 34 0
7.388133 -84 0 34 0
7.4006253 -84 0 34 0
7.4161309 -84 0 34 0
7.4311266 -84 0 34 0
7.443625 -84 0 34 0
7.4586301 -84 0 34 0
7.4736273 -84 0 34 0
7.4996285 -84 0 34 0
7.5116243 -84 0 34 0
7.5261282 -84 0 34 0
7.5421282 -84 0 34 0
7.5641278 -84 0 34 0
7.5986313 -84 0 34 0
7.612126 -84 0 34 0
7.6241299 -84 0 34 0
7.6412085 -84 0 34 0
7.6541412 -84 0 34 0
7.6666301 -84 0 34 0
7.6876292 -84 0 34 0
7.7011292 -84 0 34 0
7.7166263 -84 0 34 0
7.7321254 -84 0 34 0
7.7471268 -84 0 34 0
7.7641277 -84 0 34 0
7.7796452 -84 0 34 0
7.7951292 -84 0 34 0
7.8116467 -84 0 34 0
7.829632 -84 0 34 0
7.847665 -84 0 34 0
7.863132 -84 0 34 0
7.880129 -84 0 34 0
7.9006259 -84 0 34 0
7.9202257 -84 0 34 0
7.9331307 -84 0 34 0
7.9486273 -84 0 34 0
7.9641294 -84 0 34 0
7.9831268 -84 0 34 0
8.0001314 -84 0 34 0
8.0176262 -84 0 34 0
8.0326257 -84 0 34 0
8.0496271 -84 0 34 0
8.0641341 -84 0 34 0
8.090129 -84 0 34 0
8.1021286 -84 0 34 0
8.1171254 -84 0 34 0
8.1326272 -84 0 34 0
8.1491284 -84 0 34 0
8.166626 -84 0 34 0
8.1896271 -84 0 34 0
8.205174 -84 0 34 0
8.219626 -84 0 34 0
8.2351251 -84 0 34 0
8.251157 -84 0 34 0
8.2691363 -84 0 34 0
