0.0049339 0 0 0 0
0.0209294 0 0 0 0
0.0349598 0 0 0 0
0.0469674 0 0 0 0
0.0610326 0 0 0 0
0.0749418 0 0 0 0
0.0889405 0 0 0 0
0.103929 0 0 0 0
0.1199349 0 0 0 0
0.1340081 0 0 0 0
0.183934 0 0 0 0
0.1999368 0 0 0 0
0.2190306 0 0 0 0
0.2359935 0 0 0 0
0.2549699 0 0 0 0
0.2739383 0 0 0 0
0.2889268 0 0 0 0
0.3059307 0 0 0 0
0.3179386 0 0 0 0
0.3419751 0 0 0 0
0.3719402 0 0 0 0
0.4160157 0 0 0 0
0.5809409 0 0 0 0
0.7249539 0 0 0 0
0.7809302 0 0 0 0
0.799938 0 0 0 0
0.8419333 0 0 0 0
0.8589363 0 0 0 0
0.8829298 0 0 0 0
0.8989796 0 0 0 0
0.9119336 0 0 0 0
0.9269384 0 0 0 0
0.9399319 0 0 0 0
0.9639998 0 0 0 0
0.9810275 0 0 0 0
0.9959685 0 0 0 0
1.0109346 0 0 0 0
1.0219267 0 0 0 0
1.0359349 0 0 0 0
1.0499271 0 0 0 0
1.0649658 0 0 0 0
1.0819663 0 0 0 0
1.0999893 0 0 0 0
1.1159456 0 0 0 0
1.1359321 0 0 0 0
1.150937 0 0 0 0
1.1739324 0 0 0 0
1.1879295 0 0 0 0
1.2039961 0 0 0 0
1.2209474 0 0 0 0
1.2389391 0 0 0 0
1.2539329 0 0 0 0
1.2779486 0 0 0 0
1.2899493 0 0 0 0
1.3059322 0 0 0 0
1.3219324 0 0 0 0
1.3359554 0 0 0 0
1.3519462 0 0 0 0
1.4029364 0 0 0 0
1.4169555 0 0 0 0
1.4299292 0 0 0 0
1.4449332 0 0 0 0
1.4779287 380 0 380 0
1.4939279 380 0 380 0
1.5079323 380 0 380 0
1.5279283 380 0 380 0
1.5659305 380 0 380 0
1.5909367 380 -0.310035873630866 380 0.310035873630866
1.6119287 380 -0.310035873630866 380 0.310035873630866
1.6279278 380 -0.310035873630866 380 0.310035873630866
1.6439282 380 -0.310035873630866 380 0.310035873630866
1.6619294 380 -0.310035873630866 380 0.310035873630866
1.6769329 380 -0.310035873630866 380 0.310035873630866
1.6939387 380 -230.757914756103 380 221.143001641266
1.7109337 380 -230.757914756103 380 221.143001641266
1.7269322 380 -230.757914756103 380 221.143001641266
1.7509349 380 -230.757914756103 380 221.143001641266
1.7689395 380 -230.757914756103 380 221.143001641266
1.7939361 380 -379.979861067363 380 379.979861067363
1.812932 380 -379.979861067363 380 379.979861067363
1.8319491 380 -379.979861067363 380 379.979861067363
1.8469462 380 -379.979861067363 380 379.979861067363
1.8649306 380 -379.979861067363 380 379.979861067363
1.8849445 380 -527.478323937626 380 494.510928691524
1.8999286 380 -527.478323937626 380 494.510928691524
1.9159297 380 -527.478323937626 380 494.510928691524
1.928928 380 -527.478323937626 380 494.510928691524
1.9449397 380 -527.478323937626 380 494.510928691524
1.9769454 380 -527.478323937626 380 573.097456908128
1.9939313 380 -504.547347640462 380 573.097456908128
2.006927 380 -504.547347640462 380 573.097456908128
2.0229278 380 -504.547347640462 380 573.097456908128
2.0389624 380 -504.547347640462 380 573.097456908128
2.0629484 380 -855.334022432947 380 617.995581893404
2.0759291 380 -855.334022432947 380 617.995581893404
2.090941 380 -855.334022432947 380 617.995581893404
2.1069295 380 -855.334022432947 380 617.995581893404
2.1329378 380 -855.334022432947 380 617.995581893404
2.1489388 380 -855.334022432947 380 617.995581893404
2.1629293 380 -855.334022432947 380 617.995581893404
2.2080166 380 -855.334022432947 380 391.292155389361
2.2259456 380 -378.047858419857 380 391.292155389361
2.2439266 380 -378.047858419857 380 391.292155389361
2.2589284 380 -378.047858419857 380 391.292155389361
2.2809294 380 -1202.86615245681 380 637.231566202737
2.2949299 380 -1202.86615245681 380 637.231566202737
2.3259416 380 -1202.86615245681 380 637.231566202737
2.3559388 380 -1202.86615245681 380 637.231566202737
2.4319354 380 -474.516631807945 380 394.213817194293
2.4659472 380 -474.516631807945 380 1304.81585786206
2.4809276 380 -1031.42566468352 380 1304.81585786206
2.4959281 380 -1031.42566468352 380 1304.81585786206
2.512927 380 -1031.42566468352 380 1304.81585786206
2.5309295 380 -1031.42566468352 380 1304.81585786206
2.5710076 380 -1031.42566468352 380 1304.81585786206
2.6009288 380 -550.030251663841 380 449.278617961
2.6159322 380 -550.030251663841 380 449.278617961
2.6319271 380 -550.030251663841 380 449.278617961
2.6479307 380 -550.030251663841 380 449.278617961
2.6649305 380 -550.030251663841 380 449.278617961
2.698929 380 -670.039542641316 380 587.573137393154
2.7159266 380 -670.039542641316 380 587.573137393154
2.7459354 380 -670.039542641316 380 587.573137393154
2.7619341 380 -670.039542641316 380 587.573137393154
2.7990618 380 -728.267993926028 380 630.440949965815
2.8169447 380 -728.267993926028 380 630.440949965815
2.8379756 380 -728.267993926028 380 630.440949965815
2.8559332 380 -728.267993926028 380 630.440949965815
2.8919574 380 -666.650327197863 380 588.220876939291
2.9069343 380 -666.650327197863 380 588.220876939291
2.9249302 380 -666.650327197863 380 588.220876939291
2.9749288 380 -666.650327197863 380 588.220876939291
3.0239758 380 -523.843615219403 380 484.158492854297
3.0429263 380 -523.843615219403 380 484.158492854297
3.0600456 380 -523.843615219403 380 484.158492854297
3.0779776 380 -523.843615219403 380 484.158492854297
3.1259418 380 -638.052093620336 380 542.820437856107
3.1649301 380 -638.052093620336 380 1256.10022749371
3.1849301 380 -1111.83622169047 380 1256.10022749371
3.2079689 380 -1111.83622169047 380 1256.10022749371
3.2279354 380 -1111.83622169047 380 1256.10022749371
3.2459315 380 -1111.83622169047 380 1256.10022749371
3.2629282 380 -1111.83622169047 380 1256.10022749371
3.2869994 380 -677.194514522285 380 499.970764421403
3.3009272 380 -677.194514522285 380 499.970764421403
3.3160138 380 -677.194514522285 380 499.970764421403
3.3299335 380 -677.194514522285 380 499.970764421403
3.3579351 380 -677.194514522285 380 499.970764421403
3.413931 380 -564.141620060876 380 504.308417933207
3.447943 380 -564.141620060876 380 504.308417933207
3.4949365 380 -564.141620060876 380 659.048220740247
3.5149435 380 -580.293932268092 380 659.048220740247
3.5319658 380 -580.293932268092 380 659.048220740247
3.6099419 380 -580.293932268092 380 569.980620658897
3.6279353 380 -596.544079782507 380 569.980620658897
3.6399613 380 -596.544079782507 380 569.980620658897
3.6549306 380 -596.544079782507 380 569.980620658897
3.6689363 380 -596.544079782507 380 569.980620658897
3.6919295 380 -1015.42367014116 380 563.158737941849
3.706929 380 -1015.42367014116 380 563.158737941849
3.7229296 380 -1015.42367014116 380 563.158737941849
3.7419298 380 -1015.42367014116 380 563.158737941849
3.7659308 380 -1015.42367014116 380 563.158737941849
3.790927 380 -676.5448953173 380 605.861100284149
3.8329391 380 -676.5448953173 380 605.861100284149
3.8489506 380 -676.5448953173 380 605.861100284149
3.8759311 380 -676.5448953173 380 605.861100284149
3.8919291 380 -663.594981241061 380 564.550954190156
3.9079285 380 -663.594981241061 380 564.550954190156
3.9239862 380 -663.594981241061 380 564.550954190156
3.9499271 380 -663.594981241061 380 564.550954190156
3.9779307 380 -663.594981241061 380 661.627478762382
3.9939288 380 -660.178151015752 380 661.627478762382
4.0179299 380 -660.178151015752 380 661.627478762382
4.0319297 380 -660.178151015752 380 661.627478762382
4.044929 380 -660.178151015752 380 661.627478762382
4.0609329 380 -660.178151015752 380 661.627478762382
4.075931 380 -660.178151015752 380 661.627478762382
4.0989708 380 -644.220238707636 380 441.296876957762
4.1129273 380 -644.220238707636 380 441.296876957762
4.146934 380 -644.220238707636 380 441.296876957762
4.1669354 380 -970.63962209764 380 838.27967362978
4.1799579 380 -970.63962209764 380 838.27967362978
4.1949268 380 -970.63962209764 380 838.27967362978
4.2229436 380 -970.63962209764 380 838.27967362978
4.2419384 380 -970.63962209764 380 838.27967362978
4.2619286 380 -970.63962209764 380 838.27967362978
4.2829709 380 -560.330336284406 380 491.366602587864
4.2969284 380 -560.330336284406 380 491.366602587864
4.3149302 380 -560.330336284406 380 491.366602587864
4.3309621 380 -560.330336284406 380 491.366602587864
4.3469302 380 -560.330336284406 380 491.366602587864
4.3879323 380 -560.330336284406 380 491.366602587864
4.4019619 380 -559.096973675851 380 482.856477265507
4.4309354 380 -559.096973675851 380 482.856477265507
4.4479357 380 -559.096973675851 380 482.856477265507
4.474931 380 -919.464384952695 380 824.813639442859
4.4889294 380 -919.464384952695 380 824.813639442859
4.504936 380 -919.464384952695 380 824.813639442859
4.5219424 380 -919.464384952695 380 824.813639442859
4.5379596 380 -919.464384952695 380 824.813639442859
4.566927 380 -919.464384952695 380 824.813639442859
4.5919302 380 -919.464384952695 380 530.794484337582
4.6069326 380 -500.008333472225 380 530.794484337582
4.6339358 380 -500.008333472225 380 530.794484337582
4.6739269 380 -955.26380206934 380 674.756767635873
4.6909384 380 -955.26380206934 380 674.756767635873
4.7079618 380 -955.26380206934 380 674.756767635873
4.7259278 380 -955.26380206934 380 674.756767635873
4.7509364 380 -955.26380206934 380 674.756767635873
4.7649296 380 -955.26380206934 380 674.756767635873
4.7799506 380 -641.434398240206 380 528.240092668405
4.7939275 380 -641.434398240206 380 528.240092668405
4.8089285 380 -641.434398240206 380 528.240092668405
4.8459269 380 -641.434398240206 380 528.240092668405
4.8729425 380 -641.434398240206 380 670.661613564778
4.8909335 380 -614.689049910916 380 670.661613564778
4.9079382 380 -614.689049910916 380 670.661613564778
4.9269925 380 -614.689049910916 380 670.661613564778
4.943936 380 -614.689049910916 380 670.661613564778
4.9809273 380 -711.172746082438 380 473.685457066992
4.9979317 380 -711.172746082438 380 473.685457066992
5.0120141 380 -711.172746082438 380 473.685457066992
5.0509436 380 -711.172746082438 380 473.685457066992
5.0879372 380 -598.103451337275 380 504.649787065826
5.1040055 380 -598.103451337275 380 504.649787065826
5.1199298 380 -598.103451337275 380 504.649787065826
5.1469286 380 -598.103451337275 380 504.649787065826
5.1709445 380 -598.103451337275 380 504.649787065826
5.2060142 380 -564.13101173478 380 487.204055589128
5.2219807 380 -564.13101173478 380 487.204055589128
5.2499597 380 -564.13101173478 380 487.204055589128
5.265947 380 -564.13101173478 380 487.204055589128
5.2839273 380 -792.711928485188 380 658.560679049234
5.2999265 380 -792.711928485188 380 658.560679049234
5.3169262 380 -792.711928485188 380 658.560679049234
5.33393 380 -792.711928485188 380 658.560679049234
5.349931 380 -792.711928485188 380 658.560679049234
5.3929304 380 -598.100097658531 380 551.373527528959
5.4079334 380 -598.100097658531 380 551.373527528959
5.4249556 380 -598.100097658531 380 551.373527528959
5.4599306 380 -598.100097658531 380 551.373527528959
5.4749277 380 -782.763782362766 380 710.508663990819
5.4909264 380 -782.763782362766 380 710.508663990819
5.5069268 380 -782.763782362766 380 710.508663990819
5.5259292 380 -782.763782362766 380 710.508663990819
5.5419262 380 -782.763782362766 380 710.508663990819
5.5909301 380 -596.547549887436 380 504.771003750908
5.6089287 380 -596.547549887436 380 504.771003750908
5.6249271 380 -596.547549887436 380 504.771003750908
5.6559596 380 -596.547549887436 380 504.771003750908
5.6809299 380 -596.547549887436 380 504.771003750908
5.6949288 380 -594.225211355104 380 504.191088422512
5.7089451 380 -594.225211355104 380 504.191088422512
5.7219403 380 -594.225211355104 380 504.191088422512
5.7419376 380 -594.225211355104 380 504.191088422512
5.764927 380 -594.225211355104 380 504.191088422512
5.7949334 380 -666.530667479969 380 585.739071421791
5.8109309 380 -666.530667479969 380 585.739071421791
5.827945 380 -666.530667479969 380 585.739071421791
5.8469299 380 -666.530667479969 380 585.739071421791
5.8669301 380 -666.530667479969 380 585.739071421791
5.8809533 380 -747.669571458807 380 632.643483542067
5.8969287 380 -747.669571458807 380 632.643483542067
5.9119663 380 -747.669571458807 380 632.643483542067
5.9289289 380 -747.669571458807 380 632.643483542067
5.9489333 380 -747.669571458807 380 632.643483542067
5.9869487 380 -619.212742445604 380 533.475593491598
5.9989268 380 -619.212742445604 380 533.475593491598
6.0149321 380 -619.212742445604 380 533.475593491598
6.0309295 380 -619.212742445604 380 533.475593491598
6.065931 380 -619.212742445604 380 740.256856142119
6.0819307 380 -687.480664606308 380 740.256856142119
6.0989263 380 -687.480664606308 380 740.256856142119
6.1169267 380 -687.480664606308 380 740.256856142119
6.1349269 380 -687.480664606308 380 740.256856142119
6.1619366 380 -687.480664606308 380 740.256856142119
6.193947 380 -687.480664606308 380 740.256856142119
6.2079281 380 -523.799130969624 380 406.882801891522
6.2239262 380 -523.799130969624 380 406.882801891522
6.2559285 380 -523.799130969624 380 406.882801891522
6.2739268 380 -969.783662478919 380 894.019313847753
6.288931 380 -969.783662478919 380 894.019313847753
6.3029267 380 -969.783662478919 380 894.019313847753
6.322935 380 -969.783662478919 380 894.019313847753
6.3469477 380 -969.783662478919 380 894.019313847753
6.3779303 380 -969.783662478919 380 558.818598659423
6.3929278 380 -554.626975543471 380 558.818598659423
6.4099337 380 -554.626975543471 380 558.818598659423
6.4280866 380 -554.626975543471 380 558.818598659423
6.4799308 380 -554.626975543471 380 558.818598659423
6.4939446 380 -663.377502393605 380 457.641468418925
6.5089268 380 -663.377502393605 380 457.641468418925
6.5229523 380 -663.377502393605 380 457.641468418925
6.5579304 380 -663.377502393605 380 457.641468418925
6.589932 380 -727.794922598467 380 619.168814747949
6.6070286 380 -727.794922598467 380 619.168814747949
6.6269517 380 -727.794922598467 380 619.168814747949
6.6439283 380 -727.794922598467 380 619.168814747949
6.6809387 380 -727.794922598467 380 619.869087998573
6.6969287 380 -594.872737793617 380 619.869087998573
6.710928 380 -594.872737793617 380 619.869087998573
6.7249267 380 -594.872737793617 380 619.869087998573
6.7419366 380 -594.872737793617 380 619.869087998573
6.760964 380 -594.872737793617 380 619.869087998573
6.8029434 380 -613.223745532901 380 472.036252384183
6.8159444 380 -613.223745532901 380 472.036252384183
6.8309297 380 -613.223745532901 380 472.036252384183
6.8469423 380 -613.223745532901 380 472.036252384183
6.8659268 380 -613.223745532901 380 472.036252384183
6.8929333 380 -730.317384699738 380 617.960863976702
6.9099351 380 -730.317384699738 380 617.960863976702
6.934928 380 -730.317384699738 380 617.960863976702
6.9509282 380 -730.317384699738 380 617.960863976702
6.9649262 380 -730.317384699738 380 617.960863976702
6.9819265 380 -730.317384699738 380 617.960863976702
7.0059287 380 -548.661884458887 380 495.56557305964
7.020939 380 -548.661884458887 380 495.56557305964
7.0349284 380 -548.661884458887 380 495.56557305964
7.0669615 380 -548.661884458887 380 495.56557305964
7.0829273 380 -807.69748524029 380 743.594510221219
7.0980224 380 -807.69748524029 380 743.594510221219
7.1139384 380 -807.69748524029 380 743.594510221219
7.1309326 380 -807.69748524029 380 743.594510221219
7.1459641 380 -807.69748524029 380 743.594510221219
7.1589273 380 -807.69748524029 380 743.594510221219
7.1739262 380 -807.69748524029 380 743.594510221219
7.1929273 380 -590.865581716255 380 499.963184529139
7.2079284 380 -590.865581716255 380 499.963184529139
7.2249271 380 -590.865581716255 380 499.963184529139
7.24093 380 -590.865581716255 380 499.963184529139
7.275931 380 -590.865581716255 380 499.963184529139
7.2909295 380 -663.322839225851 380 561.273171652644
7.3079539 380 -663.322839225851 380 561.273171652644
7.3249353 380 -663.322839225851 380 561.273171652644
7.3409275 380 -663.322839225851 380 561.273171652644
7.3819577 380 -663.322839225851 380 561.273171652644
7.3949477 380 -644.282807457525 380 548.121194404163
7.4099263 380 -644.282807457525 380 548.121194404163
7.4259507 380 -644.282807457525 380 548.121194404163
7.4459283 380 -644.282807457525 380 548.121194404163
7.4829302 380 -644.282807457525 380 642.751547959978
7.4979308 380 -640.770477956525 380 642.751547959978
7.5129284 380 -640.770477956525 380 642.751547959978
