0.0114978 0 0 0
0.0284995 0 0 0
0.0445109 0 0 0
0.0639993 0 0 0
0.0815059 0 0 0
0.0975868 0 0 0
0.1100056 0 0 0
0.1220043 0 0 0
0.133998 0 0 0
0.1494989 0 0 0
0.1619962 0 0 0
0.1870025 0 0 0
0.1999967 0 0 0
0.2160015 0 0 0
0.2300057 0 0 0
0.2419975 0 0 0
0.2530028 0 0 0
0.266 0 0 0
0.2899968 0 0 0
0.3019984 0 0 0
0.3204998 0 0 0
0.3359981 0 0 0
0.3549989 0 0 0
0.367501 0 0 0
0.3880014 0 0 0
0.4049983 0 0 0
0.4225153 0 0 0
0.4389989 0 0 0
0.4550027 0 0 0
0.4669982 0 0 0
0.48554 0 0 0
0.4979988 0 0 0
0.5145255 0 0 0
0.5340527 0 0 0
0.5554993 0 0 0
0.5750186 0 0 0
0.5895065 0 0 0
0.6060146 0 0 0
0.6240198 0 0 0
0.6385006 0 0 0
0.6570043 0 0 0
0.673047 0 0 0
0.690504 0 0 0
0.7035657 0 0 0
0.7170264 0 0 0
0.7299984 0 0 0
0.7429983 0 0 0
0.7594999 0 0 0
0.7755238 0 0 0
0.7979965 0 0 0
0.8115108 0 0 0
0.8255 0 0 0
0.8380077 0 0 0
0.8505 0 0 0
0.8700026 0 0 0
0.8870032 0 0 0
0.8994967 0 0 0
0.9190044 0 0 0
0.9309997 0 0 0
0.9474981 0 0 0
0.9659966 0 0 0
0.9874976 0 0 0
1.0000013 0 0 0
1.0150492 0 0 0
1.032012 0 0 0
1.044997 0 0 0
1.0630065 0 0 0
1.0749968 0 0 0
1.0894986 0 0 0
1.1020026 0 0 0
1.1209989 0 0 0
1.1369984 0 0 0
1.1559999 0 0 0
1.170498 0 0 0
1.1829987 0 0 0
1.2019983 0 0 0
1.2239972 0 0 0
1.2379965 0 0 0
1.2540021 0 0 0
1.2710005 0 0 0
1.2844983 0 0 0
1.3010024 0 0 0
1.3214984 0 0 0
1.3414983 0 0 0
1.3725046 0 0 0
1.3940012 0 0 0
1.4075017 0 0 0
1.4209995 0 0 0
1.4390274 0 0 0
1.4595279 0 0 0
1.4785027 0 0 0
1.4914968 0 0 0
1.5074992 0 0 0
1.5250009 0 0 0
1.5415143 0 0 0
1.5539992 0 0 0
1.5725146 0 0 0
1.5885071 0 0 0
1.6009982 0 0 0
1.6154976 0 0 0
1.6285014 0 0 0
1.6404986 0 0 0
1.656002 0 0 0
1.668 0 0 0
1.6905333 0 0 0
1.7030002 0 0 0
1.7154999 0 0 0
1.7295003 0 0 0
1.7430006 0 0 0
1.7574987 0 0 0
1.7699984 0 0 0
1.7829989 0 0 0
1.8039977 0 0 0
1.8180001 0 0 0
1.831499 0 0 0
1.8434992 0 0 0
1.8585093 0 0 0
1.8704991 0 0 0
1.8855467 0 0 0
1.8999978 0 0 0
1.9190019 0 0 0
1.9319968 0 0 0
1.9454984 0 0 0
1.9569995 0 0 0
1.9699965 0 0 0
1.9830042 0 0 0
1.9990051 0 0 0
2.0184985 0 0 0
2.0325146 0 0 0
2.0470482 0 0 0
2.0589983 0 0 0
2.0709986 0 0 0
2.0859979 0 0 0
2.098997 0 0 0
2.1165068 0 0 0
2.1305358 0 0 0
2.1434983 0 0 0
2.1555049 0 0 0
2.1710008 0 0 0
2.1879973 0 0 0
2.2009974 0 0 0
2.2125071 0 0 0
2.2265034 0 0 0
2.2384967 0 0 0
2.2550028 0 0 0
2.2739992 0 0 0
2.2910418 0 0 0
2.3105077 0 0 0
2.3234983 0 0 0
2.3394998 0 0 0
2.3575003 0 0 0
2.374498 0 0 0
2.3904985 0 0 0
2.4080798 0 0 0
2.4209993 0 0 0
2.433498 0 0 0
2.4485027 0 0 0
2.4599968 0 0 0
2.475998 0 0 0
2.497524 0 0 0
2.5149993 0 0 0
2.5295132 0 0 0
2.548 0 0 0
2.5609978 0 0 0
2.5810024 0 0 0
2.6005027 0 0 0
2.6160004 0 0 0
2.6305061 0 0 0
2.6495013 0 0 0
2.6634981 0 0 0
2.6830346 0 0 0
2.6984973 0 0 0
2.7199977 0 0 0
2.7329989 0 0 0
2.7475052 0 0 0
2.764567 0 0 0
2.7775125 0 0 0
2.7914985 0 0 0
2.8034969 0 0 0
2.8190724 0 0 0
2.8355034 0 0 0
2.8490942 0 0 0
2.8649977 0 0 0
2.9005001 0 0 0
2.9200232 0 0 0
2.9350007 0 0 0
2.9559983 0 0 0
2.9714974 0 0 0
2.9889967 0 0 0
3.0009963 0 0 0
3.0165002 0 0 0
3.0315093 0 0 0
3.0449985 0 0 0
3.0565039 0 0 0
3.0840245 0 0 0
3.1005114 0 0 0
3.118008 0 0 0
3.1314967 0 0 0
3.1450145 0 0 0
3.1564985 0 0 0
3.1685243 0 0 0
3.1865019 0 0 0
3.1989993 0 0 0
3.2114985 0 0 0
3.2239981 0 0 0
3.2360161 0 0 0
3.248999 0 0 0
3.2630023 0 0 0
3.2759993 0 0 0
3.2895011 0 0 0
3.3044988 0 0 0
3.3169985 0 0 0
3.3295116 0 0 0
3.3414993 0 0 0
3.3565119 0 0 0
3.3690121 0 0 0
3.3820067 0 0 0
3.3940007 0 0 0
3.4090137 0 0 0
3.4235125 0 0 0
3.4349967 0 0 0
3.449998 0 0 0
3.4630853 0 0 0
3.4819998 0 0 0
3.4960066 0 0 0
3.5154978 0 0 0
3.5300024 0 0 0
3.5450729 0 0 0
3.5594972 0 0 0
3.5714981 0 0 0
3.5850199 0 0 0
3.5979983 0 0 0
3.615516 0 0 0
3.6280004 0 0 0
3.6410029 0 0 0
3.6565042 0 0 0
3.6689979 0 0 0
3.6835023 0 0 0
3.6990008 0 0 0
3.7164999 0 0 0
3.7284985 0 0 0
3.739997 0 0 0
3.7530045 0 0 0
3.7665076 0 0 0
3.782 0 0 0
3.7975138 0 0 0
3.8094967 0 0 0
3.8214962 0 0 0
3.8384995 0 0 0
3.8579991 0 0 0
3.8719968 0 0 0
3.8899986 0 0 0
3.907498 0 0 0
3.9210004 0 0 0
3.9330051 0 0 0
3.9449965 0 0 0
3.9569975 0 0 0
3.9740185 0 0 0
3.9880008 0 0 0
4.0069994 0 0 0
4.0189983 0 0 0
4.0309973 0 0 0
4.044004 0 0 0
4.0559993 0 0 0
4.0754992 0 0 0
4.0889971 0 0 0
4.1084985 0 0 0
4.1235012 0 0 0
4.1395191 0 0 0
4.1509972 0 0 0
4.1630013 0 0 0
4.1759988 0 0 0
4.1900198 0 0 0
4.2014991 0 0 0
4.214 0 0 0
4.2265006 0 0 0
4.2425538 0 0 0
4.2544997 0 0 0
4.2664989 0 0 0
4.2780035 0 0 0
4.2965742 0 0 0
4.3104998 0 0 0
4.3255112 0 0 0
4.3385019 0 0 0
4.3565013 0 0 0
4.3694994 0 0 0
4.3864965 0 0 0
4.3999991 0 0 0
4.4140041 0 0 0
4.4295264 0 0 0
4.4440054 0 0 0
4.4559967 0 0 0
4.4695019 0 0 0
4.4824991 0 0 0
4.4944973 0 0 0
4.5085039 0 0 0
4.5209993 0 0 0
4.5345155 0 0 0
4.5470026 0 0 0
4.5590256 0 0 0
4.5729996 0 0 0
4.5855276 0 0 0
4.5974965 0 0 0
4.6089986 0 0 0
4.6209984 0 0 0
4.6380008 0 0 0
4.6530548 0 0 0
4.6660364 0 0 0
4.6815019 0 0 0
4.6939965 0 0 0
4.7059983 0 0 0
4.7209983 0 0 0
4.7329977 0 0 0
4.7475165 0 0 0
4.7610096 0 0 0
4.7734966 0 0 0
4.7889992 0 0 0
4.8009986 0 0 0
4.8125021 0 0 0
4.8244982 0 0 0
4.8364978 0 0 0
4.8594968 0 0 0
4.8749989 0 0 0
4.8904971 0 0 0
4.904499 0 0 0
4.9190292 0 0 0
4.9329979 0 0 0
4.9450017 0 0 0
4.9579971 0 0 0
4.9754975 0 0 0
4.9874993 0 0 0
5.0009988 0 0 0
5.0145346 0 0 0
5.026498 0 0 0
5.0414989 0 0 0
5.0550103 0 0 0
5.0804967 0 0 0
5.0934992 0 0 0
5.1105008 0 0 0
5.122497 0 0 0
5.1365001 0 0 0
5.1489979 0 0 0
5.1609984 0 0 0
5.1795025 0 0 0
5.1944979 0 0 0
5.2070159 0 0 0
5.2184965 0 0 0
5.2310033 0 0 0
5.2475488 0 0 0
5.2599982 0 0 0
5.2735088 0 0 0
5.2869985 0 0 0
5.3045011 0 0 0
5.3209988 0 0 0
5.3340102 0 0 0
5.349999 0 0 0
5.3619972 0 0 0
5.3739986 0 0 0
5.3884991 0 0 0
5.4019992 0 0 0
5.4180075 0 0 0
5.4370082 0 0 0
5.4489979 0 0 0
5.4609965 0 0 0
5.4739973 0 0 0
5.4874966 0 0 0
5.5005 0 0 0
5.5184963 0 0 0
5.5404988 0 0 0
5.5559993 0 0 0
5.5775 0 0 0
5.5900142 0 0 0
5.6074993 0 0 0
5.6234991 0 0 0
5.6374984 0 0 0
5.6545222 0 0 0
5.6705 0 0 0
5.6900314 0 0 0
5.7045061 0 0 0
5.7205693 0 0 0
5.7410117 0 0 0
5.7540001 0 0 0
5.7735124 0 0 0
5.7869996 0 0 0
5.7990133 0 0 0
5.8120025 0 0 0
5.8249971 0 0 0
5.8400041 0 0 0
5.8574994 0 0 0
5.8744991 0 0 0
5.8890475 0 0 0
5.9010256 0 0 0
5.9135064 0 0 0
5.9260017 0 0 0
5.9420015 0 0 0
5.9555068 0 0 0
5.9669989 0 0 0
5.9860025 0 0 0
5.9989999 0 0 0
6.0145153 0 0 0
6.0264968 0 0 0
6.0425023 0 0 0
6.0544988 0 0 0
6.0710005 0 0 0
6.083499 0 0 0
6.1115221 0 0 0
6.1250202 0 0 0
6.1370019 0 0 0
6.15 0 0 0
6.1649981 0 0 0
6.1780092 0 0 0
6.1899994 0 0 0
6.2030035 0 0 0
6.2174987 0 0 0
6.2359983 0 0 0
6.2499973 0 0 0
6.2675009 0 0 0
6.2800013 0 0 0
6.292499 0 0 0
6.3069992 0 0 0
6.3189981 0 0 0
6.3375007 0 0 0
6.3494993 0 0 0
6.3650026 0 0 0
6.3774984 0 0 0
6.3899983 0 0 0
6.4034978 0 0 0
6.4180013 0 0 0
6.4380013 0 0 0
6.4530035 0 0 0
6.4740472 0 0 0
6.4859986 0 0 0
6.501001 0 0 0
6.5125298 0 0 0
6.5244966 0 0 0
6.5390001 0 0 0
6.5550458 0 0 0
6.575999 0 0 0
6.5874997 0 0 0
6.6060061 0 0 0
6.6179982 0 0 0
6.6299979 0 0 0
6.6439989 0 0 0
6.6580066 0 0 0
6.6715024 0 0 0
6.685005 0 0 0
6.7005013 0 0 0
6.7134967 0 0 0
6.726501 0 0 0
6.7404988 0 0 0
6.7525031 0 0 0
6.7765277 0 0 0
6.7915023 0 0 0
6.8060069 0 0 0
6.818498 0 0 0
6.8310366 0 0 0
6.8445096 0 0 0
6.8569982 0 0 0
6.8689995 0 0 0
6.885602 0 0 0
6.8985003 0 0 0
6.9115001 0 0 0
6.9234964 0 0 0
6.9355027 0 0 0
6.9479983 0 0 0
6.9629984 0 0 0
6.9759985 0 0 0
6.9879978 0 0 0
7.0009976 0 0 0
7.0150426 0 0 0
7.0269974 0 0 0
7.0384994 0 0 0
7.0509969 0 0 0
7.0640002 0 0 0
7.0780393 0 0 0
7.0900001 0 0 0
7.1030008 0 0 0
7.1175011 0 0 0
7.1350035 0 0 0
7.1469973 0 0 0
7.1599988 0 0 0
7.1739985 0 0 0
7.1864965 0 0 0
7.207 0 0 0
7.2205384 0 0 0
7.2395129 0 0 0
7.2520012 0 0 0
7.2739992 0 0 0
7.2919966 0 0 0
7.3075116 0 0 0
7.3239982 0 0 0
7.3530322 0 0 0
7.3865046 0 0 0
7.3990249 0 0 0
7.4200279 0 0 0
7.4425036 0 0 0
7.4550017 0 0 0
7.4836169 0 0 0
7.4959993 0 0 0
7.5100003 0 0 0
7.5245151 0 0 0
7.5405433 0 0 0
7.5590093 0 0 0
7.5939989 0 0 0
7.610997 0 0 0
7.6239993 0 0 0
7.6415014 0 0 0
7.6590045 0 0 0
7.6735462 0 0 0
7.6854997 0 0 0
7.7044981 0 0 0
7.7164965 0 0 0
7.7335022 0 0 0
7.7454964 0 0 0
7.7629992 0 0 0
7.778499 0 0 0
7.8075425 0 0 0
7.8195102 0 0 0
7.8340012 0 0 0
7.8485208 0 0 0
7.8660031 0 0 0
7.8794973 0 0 0
7.891528 0 0 0
7.9035005 0 0 0
7.9174976 0 0 0
7.9335018 0 0 0
7.9454998 0 0 0
7.9579964 0 0 0
7.97 0 0 0
7.9814966 0 0 0
8.0040054 0 0 0
8.0175023 0 0 0
8.0339977 0 0 0
8.0495029 0 0 0
8.0715096 0 0 0
8.0855489 0 0 0
8.1004975 0 0 0
8.1124992 0 0 0
8.1239982 0 0 0
8.1394992 0 0 0
8.1550051 0 0 0
8.1705273 0 0 0
8.1860029 0 0 0
8.2045024 0 0 0
8.2169966 0 0 0
8.2290083 0 0 0
8.2414982 0 0 0
8.2564998 0 0 0
8.2725007 0 0 0
8.2890041 0 0 0
8.3045035 0 0 0
8.3179978 0 0 0
8.3315227 0 0 0
8.3429985 0 0 0
8.35552 0 0 0
8.3890606 0 0 0
8.4089974 0 0 0
8.4214979 0 0 0
8.4390002 0 0 0
8.4565012 0 0 0
8.4774966 0 0 0
8.490499 0 0 0
8.5125004 0 0 0
8.53051 0.00147156092972475 8.94858801973343E-06 0.00608094271790978
8.5449985 0.00147156092972475 8.94858801973343E-06 0.00608094271790978
8.562998 0.00147156092972475 8.94858801973343E-06 0.00608094271790978
8.5784979 0.00147156092972475 8.94858801973343E-06 0.00608094271790978
8.5985048 0.00147156092972475 8.94858801973343E-06 0.00608094271790978
8.6164973 0.0592923008407586 0.0110396635028581 0.188509224255203
8.6305104 0.0592923008407586 0.0110396635028581 0.188509224255203
8.643513 0.0592923008407586 0.0110396635028581 0.188509224255203
8.6569962 0.0592923008407586 0.0110396635028581 0.188509224255203
8.6694988 0.0592923008407586 0.0110396635028581 0.188509224255203
8.6835229 0.0592923008407586 0.0110396635028581 0.188509224255203
8.7110287 0.124146597739258 0.0390288980183925 0.407423162099955
8.725508 0.124146597739258 0.0390288980183925 0.407423162099955
8.7399975 0.124146597739258 0.0390288980183925 0.407423162099955
8.7524972 0.124146597739258 0.0390288980183925 0.407423162099955
8.7680729 0.124146597739258 0.0390288980183925 0.407423162099955
8.7809986 0.124146597739258 0.0390288980183925 0.407423162099955
8.8140005 0.181374663383931 0.0804345205536623 0.626337099944707
8.8335012 0.181374663383931 0.0804345205536623 0.626337099944707
8.8494979 0.181374663383931 0.0804345205536623 0.626337099944707
8.8700017 0.181374663383931 0.0804345205536623 0.626337099944707
8.8844978 0.233518481344828 0.134412980170621 0.802684438764091
8.9030026 0.233518481344828 0.134412980170621 0.802684438764091
8.9194987 0.233518481344828 0.134412980170621 0.802684438764091
8.9400049 0.233518481344828 0.134412980170621 0.802684438764091
8.9545115 0.233518481344828 0.134412980170621 0.802684438764091
8.9825044 0.263434593022652 0.186809088813235 1.05200309019839
8.9955259 0.277040239823977 0.206025558748691 0.954708006711835
9.0105006 0.277040239823977 0.206025558748691 0.954708006711835
9.0239992 0.277040239823977 0.206025558748691 0.954708006711835
9.0405006 0.277040239823977 0.206025558748691 0.954708006711835
9.0529973 0.277040239823977 0.206025558748691 0.954708006711835
9.074499 0.277040239823977 0.206025558748691 0.954708006711835
9.0880003 0.277040239823977 0.206025558748691 0.954708006711835
9.1174975 0.335570008817952 0.297856580093009 1.00335554845511
9.1340287 0.335570008817952 0.297856580093009 1.00335554845511
9.1495088 0.335570008817952 0.297856580093009 1.00335554845511
9.1645088 0.335570008817952 0.297856580093009 1.00335554845511
9.1779972 0.335570008817952 0.297856580093009 1.00335554845511
9.1905033 0.335570008817952 0.297856580093009 1.00335554845511
9.2095041 0.397263549108899 0.394651440428911 1.00335554845511
9.2274987 0.397263549108899 0.394651440428911 1.00335554845511
9.2430026 0.397263549108899 0.394651440428911 1.00335554845511
9.2609962 0.397263549108899 0.394651440428911 1.00335554845511
9.2804969 0.397263549108899 0.394651440428911 1.00335554845511
9.3029975 0.461525986490836 0.49153111730393 0.985112720301384
9.3164999 0.461525986490836 0.49153111730393 0.985112720301384
9.3330042 0.461525986490836 0.49153111730393 0.985112720301384
9.3465193 0.461525986490836 0.49153111730393 0.985112720301384
9.3730033 0.461525986490836 0.49153111730393 0.985112720301384
9.4019977 0.524734570465529 0.585575517497073 0.979031777583474
9.4165349 0.524734570465529 0.585575517497073 0.979031777583474
9.4289985 0.524734570465529 0.585575517497073 0.979031777583474
9.4454965 0.524734570465529 0.585575517497073 0.979031777583474
9.4640021 0.524734570465529 0.585575517497073 0.979031777583474
9.4844983 0.589683770183933 0.66741834326128 0.899979522250647
9.5010009 0.589683770183933 0.66741834326128 0.899979522250647
9.5160696 0.589683770183933 0.66741834326128 0.899979522250647
9.5300008 0.589683770183933 0.66741834326128 0.899979522250647
9.5434974 0.589683770183933 0.66741834326128 0.899979522250647
9.5585099 0.589683770183933 0.66741834326128 0.899979522250647
9.5725006 0.589683770183933 0.66741834326128 0.899979522250647
9.5859965 0.589683770183933 0.66741834326128 0.899979522250647
9.6100063 0.661962886043678 0.734477873042326 0.747955954302902
9.6255002 0.661962886043678 0.734477873042326 0.747955954302902
9.6395021 0.661962886043678 0.734477873042326 0.747955954302902
9.6519976 0.661962886043678 0.734477873042326 0.747955954302902
9.6690273 0.661962886043678 0.734477873042326 0.747955954302902
9.6820052 0.661962886043678 0.734477873042326 0.747955954302902
9.7100003 0.738692092362697 0.786514233071369 0.595932386355158
9.7234979 0.738692092362697 0.786514233071369 0.595932386355158
9.7394995 0.738692092362697 0.786514233071369 0.595932386355158
9.7539972 0.738692092362697 0.786514233071369 0.595932386355158
9.7729971 0.738692092362697 0.786514233071369 0.595932386355158
9.789546 0.738692092362697 0.786514233071369 0.595932386355158
9.8230031 0.819758748351273 0.825066656935027 0.443908818407413
9.8390173 0.819758748351273 0.825066656935027 0.443908818407413
9.853525 0.819758748351273 0.825066656935027 0.443908818407413
9.8679998 0.819758748351273 0.825066656935027 0.443908818407413
9.8934992 0.916210933058026 0.86123677078862 0.358775620356677
9.9059985 0.916210933058026 0.86123677078862 0.358775620356677
9.925499 0.916210933058026 0.86123677078862 0.358775620356677
9.9414967 0.916210933058026 0.86123677078862 0.358775620356677
9.9569999 0.916210933058026 0.86123677078862 0.358775620356677
9.9715007 0.916210933058026 0.86123677078862 0.358775620356677
9.9909986 1.02301647150554 0.899081866279446 0.340532792202947
10.0054965 1.02301647150554 0.899081866279446 0.340532792202947
10.0240002 1.02301647150554 0.899081866279446 0.340532792202947
10.0444996 1.02301647150554 0.899081866279446 0.340532792202947
10.0584968 1.02301647150554 0.899081866279446 0.340532792202947
10.075531 1.02301647150554 0.899081866279446 0.340532792202947
10.088496 1.02301647150554 0.899081866279446 0.340532792202947
10.112031 1.13789432601696 0.940575258763836 0.346613734920857
10.128999 1.13789432601696 0.940575258763836 0.346613734920857
10.1429979 1.13789432601696 0.940575258763836 0.346613734920857
10.1599978 1.13789432601696 0.940575258763836 0.346613734920857
10.1760037 1.13789432601696 0.940575258763836 0.346613734920857
10.2100014 1.13789432601696 0.940575258763836 0.346613734920857
10.2290009 1.25363694766506 0.983979395388148 0.358775620356677
10.2434979 1.25363694766506 0.983979395388148 0.358775620356677
10.2615394 1.25363694766506 0.983979395388148 0.358775620356677
10.2785475 1.25363694766506 0.983979395388148 0.358775620356677
10.3025005 1.34134894671592 1.02901112138687 0.474313531996962
10.3160062 1.34134894671592 1.02901112138687 0.474313531996962
10.330999 1.34134894671592 1.02901112138687 0.474313531996962
10.35052 1.34134894671592 1.02901112138687 0.474313531996962
10.3664971 1.34134894671592 1.02901112138687 0.474313531996962
10.3794987 1.34134894671592 1.02901112138687 0.474313531996962
10.4075002 1.39622639288308 1.07348519222747 0.681065584405895
10.422522 1.39622639288308 1.07348519222747 0.681065584405895
10.4354984 1.39622639288308 1.07348519222747 0.681065584405895
10.4479962 1.39622639288308 1.07348519222747 0.681065584405895
10.4655112 1.39622639288308 1.07348519222747 0.681065584405895
10.481001 1.43405541303682 1.12236293378462 0.912141407686466
10.5010069 1.43405541303682 1.12236293378462 0.912141407686466
10.5190098 1.43405541303682 1.12236293378462 0.912141407686466
10.5344996 1.43405541303682 1.12236293378462 0.912141407686466
10.5469977 1.43405541303682 1.12236293378462 0.912141407686466
10.5600002 1.43405541303682 1.12236293378462 0.912141407686466
10.5744995 1.43405541303682 1.12236293378462 0.912141407686466
10.5869965 1.43405541303682 1.12236293378462 0.912141407686466
10.6140003 1.45806881949122 1.1777134735224 1.16146005912077
10.6285014 1.45806881949122 1.1777134735224 1.16146005912077
10.6424966 1.45806881949122 1.1777134735224 1.16146005912077
10.6570009 1.45806881949122 1.1777134735224 1.16146005912077
10.6724984 1.45806881949122 1.1777134735224 1.16146005912077
10.6854964 1.45806881949122 1.1777134735224 1.16146005912077
10.7229972 1.46768235089384 1.23727777451536 1.41077871055507
10.7425016 1.46768235089384 1.23727777451536 1.41077871055507
10.7599985 1.46768235089384 1.23727777451536 1.41077871055507
10.7749987 1.46768235089384 1.23727777451536 1.41077871055507
10.7885001 1.46768235089384 1.23727777451536 1.41077871055507
10.8075005 1.46278937520963 1.29593758549652 1.65401641927146
10.8265071 1.46278937520963 1.29593758549652 1.65401641927146
10.8420015 1.46278937520963 1.29593758549652 1.65401641927146
10.8590129 1.46278937520963 1.29593758549652 1.65401641927146
10.8759982 1.46278937520963 1.29593758549652 1.65401641927146
10.8965419 1.44309335500968 1.35296733849521 1.90333507070576
10.9094983 1.44309335500968 1.35296733849521 1.90333507070576
10.9270001 1.44309335500968 1.35296733849521 1.90333507070576
10.9415011 1.44309335500968 1.35296733849521 1.90333507070576
10.9610163 1.44309335500968 1.35296733849521 1.90333507070576
10.9765188 1.44309335500968 1.35296733849521 1.90333507070576
11.0090026 1.40850104463487 1.40770232521995 2.13441089398633
11.0284999 1.40850104463487 1.40770232521995 2.13441089398633
11.0439984 1.40850104463487 1.40770232521995 2.13441089398633
11.060501 1.40850104463487 1.40770232521995 2.13441089398633
11.0800044 1.40850104463487 1.40770232521995 2.13441089398633
11.0965201 1.40850104463487 1.40770232521995 2.13441089398633
11.1170103 1.35515399850221 1.47805963186647 2.21954409203707
11.1309965 1.35515399850221 1.47805963186647 2.21954409203707
11.1450007 1.35515399850221 1.47805963186647 2.21954409203707
11.1600037 1.35515399850221 1.47805963186647 2.21954409203707
11.1965048 1.29689894458831 1.55392720664364 2.22562503475498
11.2135343 1.29689894458831 1.55392720664364 2.22562503475498
11.2299977 1.29689894458831 1.55392720664364 2.22562503475498
11.2429987 1.29689894458831 1.55392720664364 2.22562503475498
11.2585027 1.29689894458831 1.55392720664364 2.22562503475498
11.2715147 1.29689894458831 1.55392720664364 2.22562503475498
11.2854991 1.29689894458831 1.55392720664364 2.22562503475498
11.3110006 1.24045283931789 1.62931963773856 2.21346314931916
11.3305018 1.24045283931789 1.62931963773856 2.21346314931916
11.3439982 1.24045283931789 1.62931963773856 2.21346314931916
11.3580039 1.24045283931789 1.62931963773856 2.21346314931916
11.3709973 1.24045283931789 1.62931963773856 2.21346314931916
11.3864962 1.20857582238231 1.69563543456774 2.01887298234605
11.403499 1.20857582238231 1.69563543456774 2.01887298234605
11.4199983 1.20857582238231 1.69563543456774 2.01887298234605
11.4375012 1.20857582238231 1.69563543456774 2.01887298234605
11.4500091 1.20857582238231 1.69563543456774 2.01887298234605
11.4679977 1.20857582238231 1.69563543456774 2.01887298234605
11.4879988 1.19747926950784 1.7564378596824 1.75131150275802
11.506498 1.19747926950784 1.7564378596824 1.75131150275802
11.5239973 1.19747926950784 1.7564378596824 1.75131150275802
11.5370263 1.19747926950784 1.7564378596824 1.75131150275802
11.5580103 1.19747926950784 1.7564378596824 1.75131150275802
11.5714992 1.19747926950784 1.7564378596824 1.75131150275802
11.583998 1.20320154593011 1.81058509541475 1.46550719501626
11.601566 1.20320154593011 1.81058509541475 1.46550719501626
11.6150146 1.20320154593011 1.81058509541475 1.46550719501626
11.628001 1.20320154593011 1.81058509541475 1.46550719501626
11.6429965 1.20320154593011 1.81058509541475 1.46550719501626
11.6590061 1.20320154593011 1.81058509541475 1.46550719501626
11.6845017 1.225692910784 1.85692043586597 1.1188934600954
11.6974961 1.225692910784 1.85692043586597 1.1188934600954
11.7105257 1.225692910784 1.85692043586597 1.1188934600954
11.7280002 1.225692910784 1.85692043586597 1.1188934600954
11.7409966 1.225692910784 1.85692043586597 1.1188934600954
11.7609986 1.225692910784 1.85692043586597 1.1188934600954
11.7754991 1.225692910784 1.85692043586597 1.1188934600954
11.8030103 1.26047922309407 1.89080583094379 0.772279725174541
11.8165086 1.26047922309407 1.89080583094379 0.772279725174541
11.8294993 1.26047922309407 1.89080583094379 0.772279725174541
11.8430036 1.26047922309407 1.89080583094379 0.772279725174541
11.8595136 1.26047922309407 1.89080583094379 0.772279725174541
11.8720001 1.26047922309407 1.89080583094379 0.772279725174541
11.900513 1.3056639165959 1.91229406719566 0.443908818407413
11.9134999 1.3056639165959 1.91229406719566 0.443908818407413
11.9265004 1.3056639165959 1.91229406719566 0.443908818407413
11.9389977 1.3056639165959 1.91229406719566 0.443908818407413
11.9585099 1.3056639165959 1.91229406719566 0.443908818407413
11.9755463 1.3056639165959 1.91229406719566 0.443908818407413
11.9925009 1.3056639165959 1.91229406719566 0.443908818407413
12.0105007 1.3056639165959 1.91229406719566 0.443908818407413
12.0265014 1.36112893187774 1.91941569188578 0.127699797076105
12.0430158 1.36112893187774 1.91941569188578 0.127699797076105
12.0590016 1.36112893187774 1.91941569188578 0.127699797076105
12.0755043 1.36112893187774 1.91941569188578 0.127699797076105
12.0890011 1.36112893187774 1.91941569188578 0.127699797076105
12.1059995 1.42524654602632 1.91038916072937 -0.139861682511925
12.1215049 1.42524654602632 1.91038916072937 -0.139861682511925
12.1359976 1.42524654602632 1.91038916072937 -0.139861682511925
12.1495398 1.42524654602632 1.91038916072937 -0.139861682511925
12.1679995 1.48588676283816 1.88378001398562 -0.413504104817865
12.1804976 1.48588676283816 1.88378001398562 -0.413504104817865
12.200504 1.48588676283816 1.88378001398562 -0.413504104817865
12.2184995 1.48588676283816 1.88378001398562 -0.413504104817865
12.2335222 1.48588676283816 1.88378001398562 -0.413504104817865
12.2464992 1.48588676283816 1.88378001398562 -0.413504104817865
12.2635004 1.48588676283816 1.88378001398562 -0.413504104817865
12.2759996 1.48588676283816 1.88378001398562 -0.413504104817865
12.2894989 1.48588676283816 1.88378001398562 -0.413504104817865
12.3050005 1.54760992205776 1.83854775392973 -0.632418042662617
12.3224983 1.54760992205776 1.83854775392973 -0.632418042662617
12.3384965 1.54760992205776 1.83854775392973 -0.632418042662617
12.3550013 1.54760992205776 1.83854775392973 -0.632418042662617
12.3679992 1.54760992205776 1.83854775392973 -0.632418042662617
12.3964998 1.62205528342807 1.78329341439097 -0.638498985380527
12.4095175 1.62205528342807 1.78329341439097 -0.638498985380527
12.4255002 1.62205528342807 1.78329341439097 -0.638498985380527
12.4404968 1.62205528342807 1.78329341439097 -0.638498985380527
12.4575273 1.62205528342807 1.78329341439097 -0.638498985380527
12.4709986 1.62205528342807 1.78329341439097 -0.638498985380527
12.4899984 1.66823145840349 1.76402785733415 -0.395261276664136
12.5070009 1.66823145840349 1.76402785733415 -0.395261276664136
12.5269983 1.66823145840349 1.76402785733415 -0.395261276664136
12.5395022 1.66823145840349 1.76402785733415 -0.395261276664136
12.5594991 1.66823145840349 1.76402785733415 -0.395261276664136
12.5724988 1.66823145840349 1.76402785733415 -0.395261276664136
12.5904994 1.66823145840349 1.76402785733415 -0.395261276664136
12.6099983 1.70791733180862 1.76209571271679 -0.0486475417432785
12.6249985 1.70791733180862 1.76209571271679 -0.0486475417432785
12.6400138 1.70791733180862 1.76209571271679 -0.0486475417432785
12.6615028 1.70791733180862 1.76209571271679 -0.0486475417432785
12.6795278 1.74266853186472 1.77417198590479 0.334451849485038
12.6940011 1.74266853186472 1.77417198590479 0.334451849485038
12.7064991 1.74266853186472 1.77417198590479 0.334451849485038
12.7235191 1.74266853186472 1.77417198590479 0.334451849485038
12.7435009 1.74266853186472 1.77417198590479 0.334451849485038
12.7605012 1.74266853186472 1.77417198590479 0.334451849485038
12.7734978 1.74266853186472 1.77417198590479 0.334451849485038
12.8010005 1.76090420270829 1.79129829650873 0.754036897020812
12.8144962 1.76090420270829 1.79129829650873 0.754036897020812
12.8280031 1.76090420270829 1.79129829650873 0.754036897020812
12.8474981 1.76090420270829 1.79129829650873 0.754036897020812
12.8644967 1.76090420270829 1.79129829650873 0.754036897020812
12.8820018 1.76090420270829 1.79129829650873 0.754036897020812
12.9024965 1.76698374226857 1.80630074191061 1.18578382999241
12.9185147 1.76698374226857 1.80630074191061 1.18578382999241
12.9319996 1.76698374226857 1.80630074191061 1.18578382999241
12.945001 1.76698374226857 1.80630074191061 1.18578382999241
12.9675048 1.76698374226857 1.80630074191061 1.18578382999241
12.9955281 1.76652594447933 1.81953712074324 1.60536887752818
13.0100041 1.76652594447933 1.81953712074324 1.60536887752818
13.0235028 1.76652594447933 1.81953712074324 1.60536887752818
13.0370128 1.76652594447933 1.81953712074324 1.60536887752818
13.0499967 1.76652594447933 1.81953712074324 1.60536887752818
13.0639981 1.76652594447933 1.81953712074324 1.60536887752818
13.0939994 1.75708399423267 1.83948964429646 2.01279203962814
13.1065006 1.75708399423267 1.83948964429646 2.01279203962814
13.1215609 1.75708399423267 1.83948964429646 2.01279203962814
13.1344962 1.75708399423267 1.83948964429646 2.01279203962814
13.1539969 1.75708399423267 1.83948964429646 2.01279203962814
13.1664967 1.75708399423267 1.83948964429646 2.01279203962814
13.189501 1.75708399423267 1.83948964429646 2.01279203962814
13.219998 1.73187933582074 1.86423018719832 2.3654867172669
13.2380024 1.73187933582074 1.86423018719832 2.3654867172669
13.2540021 1.73187933582074 1.86423018719832 2.3654867172669
13.2670011 1.73187933582074 1.86423018719832 2.3654867172669
13.2910035 1.73187933582074 1.86423018719832 2.3654867172669
13.3089987 1.67796982313302 1.89736485812316 2.59048159782957
13.325501 1.67796982313302 1.89736485812316 2.59048159782957
13.3435009 1.67796982313302 1.89736485812316 2.59048159782957
13.3644988 1.67796982313302 1.89736485812316 2.59048159782957
13.3925011 1.67796982313302 1.89736485812316 2.59048159782957
13.4085051 1.61177278964765 1.93860856691004 2.58440065511166
13.4274993 1.61177278964765 1.93860856691004 2.58440065511166
13.4399967 1.61177278964765 1.93860856691004 2.58440065511166
13.4599975 1.61177278964765 1.93860856691004 2.58440065511166
13.4719961 1.61177278964765 1.93860856691004 2.58440065511166
13.4930001 1.58608631209881 1.97082677670629 2.24386786290871
13.5100017 1.58608631209881 1.97082677670629 2.24386786290871
13.5255137 1.58608631209881 1.97082677670629 2.24386786290871
13.5415228 1.58608631209881 1.97082677670629 2.24386786290871
13.5579993 1.58608631209881 1.97082677670629 2.24386786290871
13.5715182 1.58608631209881 1.97082677670629 2.24386786290871
13.5870067 1.58608631209881 1.97082677670629 2.24386786290871
13.6054985 1.57959953988818 1.99650881322901 1.81820187265502
13.619499 1.57959953988818 1.99650881322901 1.81820187265502
13.6325015 1.57959953988818 1.99650881322901 1.81820187265502
13.6469993 1.57959953988818 1.99650881322901 1.81820187265502
13.6634983 1.57959953988818 1.99650881322901 1.81820187265502
13.6950009 1.5839092571343 2.01815783070927 1.37429305424761
13.710999 1.5839092571343 2.01815783070927 1.37429305424761
13.7274975 1.5839092571343 2.01815783070927 1.37429305424761
13.7425011 1.5839092571343 2.01815783070927 1.37429305424761
13.7545052 1.5839092571343 2.01815783070927 1.37429305424761
13.7694988 1.5839092571343 2.01815783070927 1.37429305424761
13.784515 1.5839092571343 2.01815783070927 1.37429305424761
13.7969972 1.58561388541016 2.02379195786394 1.27699797076105
13.8154973 1.58561388541016 2.02379195786394 1.27699797076105
13.8310371 1.58561388541016 2.02379195786394 1.27699797076105
13.8470401 1.58561388541016 2.02379195786394 1.27699797076105
13.8599981 1.58561388541016 2.02379195786394 1.27699797076105
13.8719985 1.58561388541016 2.02379195786394 1.27699797076105
13.8990007 1.58807420556545 2.00333715726435 1.69050207557892
13.918505 1.58807420556545 2.00333715726435 1.69050207557892
13.9329966 1.58807420556545 2.00333715726435 1.69050207557892
13.9495052 1.58807420556545 2.00333715726435 1.69050207557892
13.9634992 1.58807420556545 2.00333715726435 1.69050207557892
13.994001 1.58807420556545 2.00333715726435 1.69050207557892
14.0069961 1.60602641122304 1.97292190482797 2.10400618039678
14.0220001 1.60602641122304 1.97292190482797 2.10400618039678
14.036497 1.60602641122304 1.97292190482797 2.10400618039678
14.0494989 1.60602641122304 1.97292190482797 2.10400618039678
14.0675078 1.60602641122304 1.97292190482797 2.10400618039678
14.0804986 1.63946382377557 1.94884395613765 2.51751028521465
14.0965265 1.63946382377557 1.94884395613765 2.51751028521465
14.1095 1.63946382377557 1.94884395613765 2.51751028521465
14.126499 1.63946382377557 1.94884395613765 2.51751028521465
14.1400081 1.63946382377557 1.94884395613765 2.51751028521465
14.1525017 1.63946382377557 1.94884395613765 2.51751028521465
14.1705038 1.63946382377557 1.94884395613765 2.51751028521465
14.1829988 1.63946382377557 1.94884395613765 2.51751028521465
14.1955043 1.63946382377557 1.94884395613765 2.51751028521465
14.228998 1.67260509728048 1.94197057328789 2.93709533275042
14.2444967 1.67260509728048 1.94197057328789 2.93709533275042
14.2615236 1.67260509728048 1.94197057328789 2.93709533275042
14.2744965 1.67260509728048 1.94197057328789 2.93709533275042
14.2969976 1.6999915601164 1.94760555491582 -2.93866681232921
14.3095092 1.6999915601164 1.94760555491582 -2.93866681232921
14.3294991 1.6999915601164 1.94760555491582 -2.93866681232921
14.3469981 1.6999915601164 1.94760555491582 -2.93866681232921
14.3609965 1.6999915601164 1.94760555491582 -2.93866681232921
14.3739966 1.6999915601164 1.94760555491582 -2.93866681232921
14.3930028 1.72796090483376 1.96666606795738 -2.54340553566507
14.4119974 1.72796090483376 1.96666606795738 -2.54340553566507
14.4270308 1.72796090483376 1.96666606795738 -2.54340553566507
14.4424992 1.72796090483376 1.96666606795738 -2.54340553566507
14.4579993 1.72796090483376 1.96666606795738 -2.54340553566507
14.4714976 1.72796090483376 1.96666606795738 -2.54340553566507
14.4934993 1.77436503509926 2.01795353682445 -2.30624876966659
14.5065293 1.77436503509926 2.01795353682445 -2.30624876966659
14.5180011 1.77436503509926 2.01795353682445 -2.30624876966659
14.5309974 1.77436503509926 2.01795353682445 -2.30624876966659
14.5539982 1.77436503509926 2.01795353682445 -2.30624876966659
14.5760053 1.77436503509926 2.01795353682445 -2.30624876966659
14.5930034 1.84186168391073 2.07934294805107 -2.40354385315315
14.6049974 1.84186168391073 2.07934294805107 -2.40354385315315
14.6209978 1.84186168391073 2.07934294805107 -2.40354385315315
14.6335165 1.84186168391073 2.07934294805107 -2.40354385315315
14.6475028 1.84186168391073 2.07934294805107 -2.40354385315315
14.6650017 1.84186168391073 2.07934294805107 -2.40354385315315
14.6820236 1.84186168391073 2.07934294805107 -2.40354385315315
14.6979964 1.87458975866938 2.09261857953636 -2.75623853079192
14.7164985 1.87458975866938 2.09261857953636 -2.75623853079192
14.7319988 1.87458975866938 2.09261857953636 -2.75623853079192
14.748999 1.87458975866938 2.09261857953636 -2.75623853079192
14.7614972 1.87458975866938 2.09261857953636 -2.75623853079192
14.7764992 1.87458975866938 2.09261857953636 -2.75623853079192
14.7899987 1.87458975866938 2.09261857953636 -2.75623853079192
14.8049984 1.88782629312523 2.09216530366484 3.1073617288519
14.8180072 1.88782629312523 2.09216530366484 3.1073617288519
14.8339988 1.88782629312523 2.09216530366484 3.1073617288519
14.8505011 1.88782629312523 2.09216530366484 3.1073617288519
14.8635238 1.88782629312523 2.09216530366484 3.1073617288519
14.8760013 1.88782629312523 2.09216530366484 3.1073617288519
14.9059988 1.88650365805869 2.09281044560881 2.68777668131612
14.9225481 1.88650365805869 2.09281044560881 2.68777668131612
14.9380018 1.88650365805869 2.09281044560881 2.68777668131612
14.9544992 1.88650365805869 2.09281044560881 2.68777668131612
14.9674989 1.88650365805869 2.09281044560881 2.68777668131612
14.9940004 1.88558628386052 2.09396109595868 2.24386786290871
15.0110034 1.88558628386052 2.09396109595868 2.24386786290871
15.0249966 1.88558628386052 2.09396109595868 2.24386786290871
15.0400195 1.88558628386052 2.09396109595868 2.24386786290871
15.055498 1.88558628386052 2.09396109595868 2.24386786290871
15.0729999 1.88648428877821 2.08963862768327 1.77563527362966
15.0889999 1.88648428877821 2.08963862768327 1.77563527362966
15.1045164 1.88648428877821 2.08963862768327 1.77563527362966
15.1245069 1.88648428877821 2.08963862768327 1.77563527362966
15.1420043 1.88648428877821 2.08963862768327 1.77563527362966
15.1605025 1.88648428877821 2.08963862768327 1.77563527362966
15.1729989 1.88465512506083 2.08251167522987 1.31956456978642
15.1930633 1.88465512506083 2.08251167522987 1.31956456978642
15.210525 1.88465512506083 2.08251167522987 1.31956456978642
15.2280037 1.88465512506083 2.08251167522987 1.31956456978642
15.2449987 1.88465512506083 2.08251167522987 1.31956456978642
15.2579996 1.88465512506083 2.08251167522987 1.31956456978642
15.2774986 1.88465512506083 2.08251167522987 1.31956456978642
15.301997 1.87376211316011 2.06861258860823 0.906060464968557
15.3155005 1.87376211316011 2.06861258860823 0.906060464968557
15.3284963 1.87376211316011 2.06861258860823 0.906060464968557
15.3469986 1.87376211316011 2.06861258860823 0.906060464968557
15.3625005 1.87376211316011 2.06861258860823 0.906060464968557
15.3800004 1.87376211316011 2.06861258860823 0.906060464968557
15.4040016 1.85344265591213 2.04732061087023 0.808765381482001
15.4204981 1.85344265591213 2.04732061087023 0.808765381482001
15.4329974 1.85344265591213 2.04732061087023 0.808765381482001
15.4475017 1.85344265591213 2.04732061087023 0.808765381482001
15.4634995 1.85344265591213 2.04732061087023 0.808765381482001
15.4864986 1.84054037601012 2.01602974040204 1.1797028872745
15.5020282 1.84054037601012 2.01602974040204 1.1797028872745
15.5199988 1.84054037601012 2.01602974040204 1.1797028872745
15.5329962 1.84054037601012 2.01602974040204 1.1797028872745
15.5455101 1.84054037601012 2.01602974040204 1.1797028872745
15.5635076 1.84054037601012 2.01602974040204 1.1797028872745
15.5824982 1.84054037601012 2.01602974040204 1.1797028872745
15.6040751 1.84054037601012 2.01602974040204 1.1797028872745
15.6205093 1.84155029863921 1.9969257705359 1.62361170568191
15.636497 1.84155029863921 1.9969257705359 1.62361170568191
15.6540782 1.84155029863921 1.9969257705359 1.62361170568191
15.6670042 1.84155029863921 1.9969257705359 1.62361170568191
15.6844999 1.84155029863921 1.9969257705359 1.62361170568191
15.7099995 1.84943691114747 1.98278945162163 2.07968240952514
15.723001 1.84943691114747 1.98278945162163 2.07968240952514
15.7379965 1.84943691114747 1.98278945162163 2.07968240952514
15.7540019 1.84943691114747 1.98278945162163 2.07968240952514
15.767018 1.84943691114747 1.98278945162163 2.07968240952514
15.7840028 1.84943691114747 1.98278945162163 2.07968240952514
15.8029992 1.85142179714656 1.9788460555732 2.03711581049978
15.820999 1.85142179714656 1.9788460555732 2.03711581049978
15.8404973 1.85142179714656 1.9788460555732 2.03711581049978
15.8555309 1.85142179714656 1.9788460555732 2.03711581049978
15.8684961 1.85142179714656 1.9788460555732 2.03711581049978
15.8799996 1.85142179714656 1.9788460555732 2.03711581049978
15.8929979 1.85142179714656 1.9788460555732 2.03711581049978
15.9054983 1.85142179714656 1.9788460555732 2.03711581049978
15.9460197 1.85144150425882 1.98914715368644 1.56888322122072
15.9590022 1.85144150425882 1.98914715368644 1.56888322122072
15.9814989 1.85144150425882 1.98914715368644 1.56888322122072
15.9955257 1.85683845301145 1.99960992242026 1.09456968922376
16.0124994 1.85683845301145 1.99960992242026 1.09456968922376
16.0285123 1.85683845301145 1.99960992242026 1.09456968922376
16.0479984 1.85683845301145 1.99960992242026 1.09456968922376
16.0620354 1.85683845301145 1.99960992242026 1.09456968922376
16.0785001 1.85683845301145 1.99960992242026 1.09456968922376
16.0949983 1.85683845301145 1.99960992242026 1.09456968922376
16.1134979 1.86756871531983 2.00737347664562 0.626337099944708
16.1280031 1.86756871531983 2.00737347664562 0.626337099944708
16.1425017 1.86756871531983 2.00737347664562 0.626337099944708
16.162497 1.86756871531983 2.00737347664562 0.626337099944708
16.1784985 1.86756871531983 2.00737347664562 0.626337099944708
16.2025023 1.86756871531983 2.00737347664562 0.626337099944708
16.2164992 1.86756871531983 2.00737347664562 0.869574808661099
16.2299965 1.86756871531983 2.00737347664562 0.869574808661099
16.2455008 1.86756871531983 2.00737347664562 0.869574808661099
16.2594987 1.86756871531983 2.00737347664562 0.869574808661099
16.2775012 1.86756871531983 2.00737347664562 0.869574808661099
16.3005148 1.8656871483089 1.99874675740365 1.35605022609388
16.3164989 1.8656871483089 1.99874675740365 1.35605022609388
16.3309982 1.8656871483089 1.99874675740365 1.35605022609388
16.3480102 1.8656871483089 1.99874675740365 1.35605022609388
16.3614992 1.8656871483089 1.99874675740365 1.35605022609388
16.3995012 1.8660871182346 2.04877915538865 1.56280227850281
16.415 1.8812229200594 1.98885440350231 1.81820187265502
16.4320379 1.8812229200594 1.98885440350231 1.81820187265502
16.4505256 1.8812229200594 1.98885440350231 1.81820187265502
16.4665067 1.8812229200594 1.98885440350231 1.81820187265502
16.4859989 1.89184350480132 1.97663812955968 2.28643446193408
16.5004963 1.89184350480132 1.97663812955968 2.28643446193408
16.5191587 1.89184350480132 1.97663812955968 2.28643446193408
16.531998 1.89184350480132 1.97663812955968 2.28643446193408
16.5495005 1.89184350480132 1.97663812955968 2.28643446193408
16.562526 1.89184350480132 1.97663812955968 2.28643446193408
16.5764986 1.89184350480132 1.97663812955968 2.28643446193408
16.5894983 1.89184350480132 1.97663812955968 2.28643446193408
16.6015023 1.89184350480132 1.97663812955968 2.28643446193408
16.6280028 1.89265971633947 1.97541364175978 2.15873466485797
16.6409974 1.89265971633947 1.97541364175978 2.15873466485797
16.6575105 1.89265971633947 1.97541364175978 2.15873466485797
16.6704963 1.89118276869895 1.98709333401098 1.69658301829683
16.6900021 1.89118276869895 1.98709333401098 1.69658301829683
16.7075014 1.89118276869895 1.98709333401098 1.69658301829683
16.7249975 1.89118276869895 1.98709333401098 1.69658301829683
16.7374975 1.89118276869895 1.98709333401098 1.69658301829683
16.7590045 1.89118276869895 1.98709333401098 1.69658301829683
16.7709984 1.89501417566778 2.00130169371051 1.3074026843506
16.7860008 1.89501417566778 2.00130169371051 1.3074026843506
16.7979986 1.89501417566778 2.00130169371051 1.3074026843506
16.811498 1.89501417566778 2.00130169371051 1.3074026843506
16.8275016 1.89501417566778 2.00130169371051 1.3074026843506
16.8454985 1.89501417566778 2.00130169371051 1.3074026843506
16.8605321 1.89501417566778 2.00130169371051 1.3074026843506
16.8724963 1.89501417566778 2.00130169371051 1.3074026843506
16.893003 1.89499064802509 1.9983586114761 1.56280227850281
16.9124985 1.89499064802509 1.9983586114761 1.56280227850281
16.928005 1.89499064802509 1.9983586114761 1.56280227850281
16.9480178 1.89499064802509 1.9983586114761 1.56280227850281
16.9629979 1.89499064802509 1.9983586114761 1.56280227850281
16.9759989 1.89499064802509 1.9983586114761 1.56280227850281
16.9945039 1.8969334854271 2.00391509680257 1.23443137173569
17.0140009 1.8969334854271 2.00391509680257 1.23443137173569
17.0264982 1.8969334854271 2.00391509680257 1.23443137173569
17.0470018 1.8969334854271 2.00391509680257 1.23443137173569
17.0635021 1.8969334854271 2.00391509680257 1.23443137173569
17.0795022 1.8969334854271 2.00391509680257 1.23443137173569
17.0924993 1.8969334854271 2.00391509680257 1.23443137173569
17.1170024 1.90444229106857 2.01096710705125 0.754036897020813
17.1295144 1.90444229106857 2.01096710705125 0.754036897020813
17.1479989 1.90444229106857 2.01096710705125 0.754036897020813
17.1694989 1.86029741621138 1.98443306680923 0.541203901893971
17.1824988 1.9226381427548 2.00193108163557 0.273642422305941
17.1994988 1.9226381427548 2.00193108163557 0.273642422305941
17.213502 1.9226381427548 2.00193108163557 0.273642422305941
17.2264963 1.9226381427548 2.00193108163557 0.273642422305941
17.2410015 1.9226381427548 2.00193108163557 0.273642422305941
17.2560169 1.9226381427548 2.00193108163557 0.273642422305941
17.2719984 1.9226381427548 2.00193108163557 0.273642422305941
17.2974992 1.87569438710457 1.99821232215123 0.0790522553328279
17.3154986 1.94066605551033 1.98540744456531 -0.194590166973112
17.3304991 1.94066605551033 1.98540744456531 -0.194590166973112
17.3460025 1.94066605551033 1.98540744456531 -0.194590166973112
17.3594997 1.94066605551033 1.98540744456531 -0.194590166973112
17.373499 1.94066605551033 1.98540744456531 -0.194590166973112
17.3999975 1.95113913002386 1.980030522058 -0.474313531996962
17.417 1.95113913002386 1.980030522058 -0.474313531996962
17.4324999 1.95113913002386 1.980030522058 -0.474313531996962
17.4500004 1.95113913002386 1.980030522058 -0.474313531996962
17.4655802 1.95113913002386 1.980030522058 -0.474313531996962
17.4830001 1.95113913002386 1.980030522058 -0.474313531996962
17.4960025 1.95739897489939 1.97616352925837 -0.553365787329789
17.5104998 1.95739897489939 1.97616352925837 -0.553365787329789
17.5234962 1.95739897489939 1.97616352925837 -0.553365787329789
17.5364993 1.95739897489939 1.97616352925837 -0.553365787329789
17.5539975 1.95739897489939 1.97616352925837 -0.553365787329789
17.5754988 1.9624441034545 1.97313106751643 -0.541203901893969
17.5904982 1.9624441034545 1.97313106751643 -0.541203901893969
17.6125232 1.9624441034545 1.97313106751643 -0.541203901893969
17.6274983 1.9624441034545 1.97313106751643 -0.541203901893969
17.6449997 1.9624441034545 1.97313106751643 -0.541203901893969
17.6594984 1.9624441034545 1.97313106751643 -0.541203901893969
17.6784967 1.96116920178523 1.97386604872763 -0.52296107374024
17.691497 1.96116920178523 1.97386604872763 -0.52296107374024
17.7104991 1.96116920178523 1.97386604872763 -0.52296107374024
17.7275018 1.96116920178523 1.97386604872763 -0.52296107374024
17.7460002 1.96116920178523 1.97386604872763 -0.52296107374024
17.7589966 1.96116920178523 1.97386604872763 -0.52296107374024
17.7759976 1.96116920178523 1.97386604872763 -0.52296107374024
17.7885268 1.96116920178523 1.97386604872763 -0.52296107374024
17.8054998 1.96116920178523 1.97386604872763 -0.52296107374024
17.8200118 1.96116920178523 1.97386604872763 -0.52296107374024
17.8560525 1.95856747476629 1.97524202224024 -0.486475417432781
17.8735042 1.95856747476629 1.97524202224024 -0.486475417432781
17.8885489 1.95856747476629 1.97524202224024 -0.486475417432781
17.902519 1.95856747476629 1.97524202224024 -0.486475417432781
17.9215014 1.95455782627501 1.97708941602621 -0.431746932971593
17.9339984 1.95455782627501 1.97708941602621 -0.431746932971593
17.9484986 1.95455782627501 1.97708941602621 -0.431746932971593
17.9649964 1.95455782627501 1.97708941602621 -0.431746932971593
17.988 1.95318959303361 1.97763118114528 -0.377018448510405
18.0025039 1.95318959303361 1.97763118114528 -0.377018448510405
18.0149979 1.95318959303361 1.97763118114528 -0.377018448510405
18.0285172 1.95318959303361 1.97763118114528 -0.377018448510405
18.0480918 1.95318959303361 1.97763118114528 -0.377018448510405
18.060499 1.95318959303361 1.97763118114528 -0.377018448510405
18.0784985 1.95318959303361 1.97763118114528 -0.377018448510405
18.0914983 1.95318959303361 1.97763118114528 -0.377018448510405
18.1044967 1.94900213343346 1.9790295111926 -0.322289964049217
18.1169977 1.94900213343346 1.9790295111926 -0.322289964049217
18.1329978 1.94900213343346 1.9790295111926 -0.322289964049217
18.1484991 1.94900213343346 1.9790295111926 -0.322289964049217
18.1610138 1.94900213343346 1.9790295111926 -0.322289964049217
18.1754988 1.94900213343346 1.9790295111926 -0.322289964049217
18.1915237 1.94900213343346 1.9790295111926 -0.322289964049217
18.2065003 1.94758290666747 1.97941857035753 -0.267561479588029
18.2215026 1.94758290666747 1.97941857035753 -0.267561479588029
18.23702 1.94758290666747 1.97941857035753 -0.267561479588029
18.2499999 1.94758290666747 1.97941857035753 -0.267561479588029
18.2630109 1.94758290666747 1.97941857035753 -0.267561479588029
18.2769998 1.94758290666747 1.97941857035753 -0.267561479588029
18.2905219 1.94758290666747 1.97941857035753 -0.267561479588029
18.3150001 1.94470997257644 1.98005773879937 -0.218913937844751
18.3279991 1.94470997257644 1.98005773879937 -0.218913937844751
18.3400014 1.94470997257644 1.98005773879937 -0.218913937844751
18.3524976 1.94470997257644 1.98005773879937 -0.218913937844751
18.3725022 1.94470997257644 1.98005773879937 -0.218913937844751
18.3874988 1.94470997257644 1.98005773879937 -0.182428281537292
18.406004 1.94470997257644 1.98005773879937 -0.182428281537292
18.4224984 1.94470997257644 1.98005773879937 -0.182428281537292
18.4405104 1.94470997257644 1.98005773879937 -0.182428281537292
18.453497 1.94470997257644 1.98005773879937 -0.182428281537292
18.475527 1.94470997257644 1.98005773879937 -0.182428281537292
18.4884985 1.94179808443074 1.98048575049946 -0.145942625229834
18.502501 1.94179808443074 1.98048575049946 -0.145942625229834
18.5154976 1.94179808443074 1.98048575049946 -0.145942625229834
18.5290163 1.94179808443074 1.98048575049946 -0.145942625229834
18.5449996 1.94179808443074 1.98048575049946 -0.145942625229834
18.5574991 1.94179808443074 1.98048575049946 -0.145942625229834
18.5770027 1.94179808443074 1.98048575049946 -0.145942625229834
18.5900071 1.94179808443074 1.98048575049946 -0.145942625229834
18.6130005 1.94033847876543 1.98067316167552 -0.127699797076104
18.6289977 1.94033847876543 1.98067316167552 -0.127699797076104
18.6450186 1.94033847876543 1.98067316167552 -0.127699797076104
18.6570047 1.94033847876543 1.98067316167552 -0.127699797076104
18.6785019 1.94033847876543 1.98067316167552 -0.127699797076104
18.6915006 1.94033847876543 1.98067316167552 -0.127699797076104
18.7170082 1.93887776045698 1.98085169366281 -0.121618854358195
18.7305136 1.93887776045698 1.98085169366281 -0.121618854358195
18.7525033 1.93887776045698 1.98085169366281 -0.121618854358195
18.767003 1.93887776045698 1.98085169366281 -0.121618854358195
18.7804977 1.93887776045698 1.98085169366281 -0.121618854358195
18.7934988 1.93741598351947 1.98102133985963 -0.115537911640285
18.8105069 1.93741598351947 1.98102133985963 -0.115537911640285
18.8275514 1.93741598351947 1.98102133985963 -0.115537911640285
18.8414991 1.93741598351947 1.98102133985963 -0.115537911640285
18.8554988 1.93741598351947 1.98102133985963 -0.115537911640285
18.867499 1.93741598351947 1.98102133985963 -0.115537911640285
18.8805011 1.93741598351947 1.98102133985963 -0.115537911640285
18.8930007 1.93741598351947 1.98102133985963 -0.115537911640285
18.9050036 1.93741598351947 1.98102133985963 -0.115537911640285
18.9174976 1.93741598351947 1.98102133985963 -0.115537911640285
18.9350019 1.93741598351947 1.98102133985963 -0.115537911640285
18.9485135 1.93741598351947 1.98102133985963 -0.115537911640285
18.9760044 1.93741598351947 1.98102133985963 -0.115537911640285
18.9899985 1.93741598351947 1.98102133985963 -0.115537911640285
19.012507 1.93741598351947 1.98102133985963 -0.115537911640285
19.0244976 1.93741598351947 1.98102133985963 -0.115537911640285
19.0395018 1.93741598351947 1.98102133985963 -0.115537911640285
19.0525042 1.93741598351947 1.98102133985963 -0.115537911640285
19.0665017 1.93741598351947 1.98102133985963 -0.115537911640285
19.0920004 1.93741598351947 1.98102133985963 -0.115537911640285
19.1089978 1.93741598351947 1.98102133985963 -0.115537911640285
19.1234989 1.93741598351947 1.98102133985963 -0.115537911640285
19.1375178 1.93741598351947 1.98102133985963 -0.115537911640285
19.1504987 1.93741598351947 1.98102133985963 -0.115537911640285
19.1635362 1.93741598351947 1.98102133985963 -0.115537911640285
19.1785013 1.93741598351947 1.98102133985963 -0.115537911640285
19.209499 1.93741598351947 1.98102133985963 -0.115537911640285
19.2230275 1.93741598351947 1.98102133985963 -0.115537911640285
19.2395063 1.93741598351947 1.98102133985963 -0.115537911640285
19.255514 1.93741598351947 1.98102133985963 -0.115537911640285
19.272508 1.93741598351947 1.98102133985963 -0.115537911640285
19.2839983 1.93741598351947 1.98102133985963 -0.115537911640285
19.2959996 1.93741598351947 1.98102133985963 -0.115537911640285
19.3115007 1.93741598351947 1.98102133985963 -0.115537911640285
19.3274979 1.93741598351947 1.98102133985963 -0.115537911640285
19.3470024 1.93741598351947 1.98102133985963 -0.115537911640285
19.3645071 1.93741598351947 1.98102133985963 -0.115537911640285
19.3900003 1.93741598351947 1.98102133985963 -0.115537911640285
19.4125027 1.93741598351947 1.98102133985963 -0.115537911640285
19.4264991 1.93741598351947 1.98102133985963 -0.115537911640285
19.4445078 1.93741598351947 1.98102133985963 -0.115537911640285
19.4605043 1.93741598351947 1.98102133985963 -0.115537911640285
19.4785019 1.93741598351947 1.98102133985963 -0.115537911640285
19.4910001 1.93741598351947 1.98102133985963 -0.115537911640285
19.5080057 1.93741598351947 1.98102133985963 -0.115537911640285
19.5215213 1.93741598351947 1.98102133985963 -0.115537911640285
19.5339997 1.93741598351947 1.98102133985963 -0.115537911640285
19.5459995 1.93741598351947 1.98102133985963 -0.115537911640285
19.5595341 1.93741598351947 1.98102133985963 -0.115537911640285
19.5775037 1.93741598351947 1.98102133985963 -0.115537911640285
19.5925701 1.93741598351947 1.98102133985963 -0.115537911640285
19.6075091 1.93741598351947 1.98102133985963 -0.115537911640285
19.6210033 1.93741598351947 1.98102133985963 -0.115537911640285
19.6340027 1.93741598351947 1.98102133985963 -0.115537911640285
19.6490022 1.93741598351947 1.98102133985963 -0.115537911640285
19.6645027 1.93741598351947 1.98102133985963 -0.115537911640285
19.6809976 1.93741598351947 1.98102133985963 -0.115537911640285
19.6970018 1.93741598351947 1.98102133985963 -0.115537911640285
19.7140011 1.93741598351947 1.98102133985963 -0.115537911640285
19.7325117 1.93741598351947 1.98102133985963 -0.115537911640285
19.7474974 1.93741598351947 1.98102133985963 -0.115537911640285
19.762508 1.93741598351947 1.98102133985963 -0.115537911640285
19.7780042 1.93741598351947 1.98102133985963 -0.115537911640285
19.800504 1.93741598351947 1.98102133985963 -0.115537911640285
19.8165781 1.93741598351947 1.98102133985963 -0.115537911640285
19.8340001 1.93741598351947 1.98102133985963 -0.115537911640285
19.8464996 1.93741598351947 1.98102133985963 -0.115537911640285
19.8584993 1.93741598351947 1.98102133985963 -0.115537911640285
19.8715006 1.93741598351947 1.98102133985963 -0.115537911640285
19.8865 1.93741598351947 1.98102133985963 -0.115537911640285
19.9024994 1.93741598351947 1.98102133985963 -0.115537911640285
19.9170332 1.93741598351947 1.98102133985963 -0.115537911640285
19.9335021 1.93741598351947 1.98102133985963 -0.115537911640285
19.9455298 1.93741598351947 1.98102133985963 -0.115537911640285
19.9574985 1.93741598351947 1.98102133985963 -0.115537911640285
19.9685004 1.93741598351947 1.98102133985963 -0.115537911640285
19.9865048 1.93741598351947 1.98102133985963 -0.115537911640285
20.0050055 1.93741598351947 1.98102133985963 -0.115537911640285
20.0195206 1.93741598351947 1.98102133985963 -0.115537911640285
20.0375074 1.93741598351947 1.98102133985963 -0.115537911640285
20.0515361 1.93741598351947 1.98102133985963 -0.115537911640285
20.0655119 1.93741598351947 1.98102133985963 -0.115537911640285
20.0790182 1.93741598351947 1.98102133985963 -0.115537911640285
