0.0104907 0 0 0
0.0299883 0 0 0
0.0444807 0 0 0
0.0614961 0 0 0
0.081516 0 0 0
0.0994818 0 0 0
0.1119818 0 0 0
0.1234798 0 0 0
0.1370135 0 0 0
0.1494963 0 0 0
0.1614811 0 0 0
0.1764914 0 0 0
0.188484 0 0 0
0.2030099 0 0 0
0.2169827 0 0 0
0.2290145 0 0 0
0.2449823 0 0 0
0.2594965 0 0 0
0.2729923 0 0 0
0.2859932 0 0 0
0.3044905 0 0 0
0.3199805 0 0 0
0.3344892 0 0 0
0.3514816 0 0 0
0.3709973 0 0 0
0.3834869 0 0 0
0.3994924 0 0 0
0.450494 0 0 0
0.4714955 0 0 0
0.486982 0 0 0
0.4994806 0 0 0
0.5124832 0 0 0
0.5269798 0 0 0
0.5464832 0 0 0
0.560495 0 0 0
0.5729882 0 0 0
0.5875059 0 0 0
0.5999832 0 0 0
0.6119826 0 0 0
0.6240379 0 0 0
0.6394839 0 0 0
0.651481 0 0 0
0.6664889 0 0 0
0.6784829 0 0 0
0.6924823 0 0 0
0.7094862 0 0 0
0.7225034 0 0 0
0.7409822 0 0 0
0.7584875 0 0 0
0.7784861 0 0 0
0.7954828 0 0 0
0.81198 0 0 0
0.8245037 0 0 0
0.8409882 0 0 0
0.8534823 0 0 0
0.8674813 0 0 0
0.8809873 0 0 0
0.8984866 0 0 0
0.9453445 0 0 0
0.9670066 0 0 0
0.9829898 0 0 0
0.9999861 0 0 0
1.0134819 0 0 0
1.031984 0 0 0
1.0529826 0 0 0
1.069481 0 0 0
1.0839826 0 0 0
1.0995413 0 0 0
1.111984 0 0 0
1.1294879 0 0 0
1.145989 0 0 0
1.1629823 0 0 0
1.1769905 0 0 0
1.1889836 0 0 0
1.2005057 0 0 0
1.2124824 0 0 0
1.2259843 0 0 0
1.2454875 0 0 0
1.260523 0 0 0
1.2729856 0 0 0
1.2850139 0 0 0
1.3019805 0 0 0
1.3140019 0 0 0
1.3259826 0 0 0
1.3379818 0 0 0
1.3519839 0 0 0
1.3689864 0 0 0
1.3850159 0 0 0
1.3999857 0 0 0
1.4139805 0 0 0
1.4265147 0 0 0
1.4389974 0 0 0
1.4509904 0 0 0
1.4634819 0 0 0
1.4779826 0 0 0
1.4939867 0 0 0
1.5064823 0 0 0
1.5184809 0 0 0
1.5334978 0 0 0
1.5454926 0 0 0
1.562481 0 0 0
1.5759889 0 0 0
1.588982 0 0 0
1.600983 0 0 0
1.6129801 0 0 0
1.6279815 0 0 0
1.6449961 0 0 0
1.6614847 0 0 0
1.6754825 0 0 0
1.6954867 0 0 0
1.7129834 0 0 0
1.7379802 0.00735671635842955 0.000134222202384098 0.0182428281537293
1.7509909 0.00735671635842955 0.000134222202384098 0.0182428281537293
1.7669886 0.00735671635842955 0.000134222202384098 0.0182428281537293
1.7799829 0.00735671635842955 0.000134222202384098 0.0182428281537293
1.7984831 0.00735671635842955 0.000134222202384098 0.0182428281537293
1.8109798 0.00735671635842955 0.000134222202384098 0.0182428281537293
1.8289998 0.00735671635842955 0.000134222202384098 0.0182428281537293
1.8419801 0.00735671635842955 0.000134222202384098 0.0182428281537293
1.8649825 0.00735671635842955 0.000134222202384098 0.0182428281537293
1.8784817 0.0680684932650151 0.0117164728629644 0.188509224255203
1.8974842 0.0680684932650151 0.0117164728629644 0.188509224255203
1.9135369 0.0680684932650151 0.0117164728629644 0.188509224255203
1.9334852 0.0680684932650151 0.0117164728629644 0.188509224255203
1.9489822 0.130542141761179 0.0377816382927762 0.395261276664136
1.9659815 0.130542141761179 0.0377816382927762 0.395261276664136
1.981486 0.130542141761179 0.0377816382927762 0.395261276664136
1.9979921 0.130542141761179 0.0377816382927762 0.395261276664136
2.0184906 0.130542141761179 0.0377816382927762 0.395261276664136
2.0355007 0.130542141761179 0.0377816382927762 0.395261276664136
2.055017 0.18730820997224 0.0772957024768756 0.608094271790978
2.0690077 0.18730820997224 0.0772957024768756 0.608094271790978
2.0864821 0.18730820997224 0.0772957024768756 0.608094271790978
2.1004864 0.18730820997224 0.0772957024768756 0.608094271790978
2.1134822 0.18730820997224 0.0772957024768756 0.608094271790978
2.133985 0.18730820997224 0.0772957024768756 0.608094271790978
2.153484 0.18730820997224 0.0772957024768756 0.608094271790978
2.1765209 0.220569846243705 0.106324619696653 0.717551240713354
2.1899806 0.220569846243705 0.106324619696653 0.717551240713354
2.2034833 0.220569846243705 0.106324619696653 0.717551240713354
2.2154814 0.220569846243705 0.106324619696653 0.717551240713354
2.2284857 0.220569846243705 0.106324619696653 0.717551240713354
2.2609825 0.262224733602068 0.149973174059548 0.808765381482
2.2739926 0.262224733602068 0.149973174059548 0.808765381482
2.2879806 0.262224733602068 0.149973174059548 0.808765381482
2.3059922 0.262224733602068 0.149973174059548 0.808765381482
2.3184814 0.262224733602068 0.149973174059548 0.808765381482
2.3364848 0.262224733602068 0.149973174059548 0.808765381482
2.3774935 0.278309490669024 0.171018976580808 0.918222350404376
2.3954872 0.297735618928966 0.191128598791048 0.802684438764091
2.4099907 0.297735618928966 0.191128598791048 0.802684438764091
2.4284831 0.297735618928966 0.191128598791048 0.802684438764091
2.4469884 0.356478692961935 0.259006012943992 0.857412923225279
2.4594847 0.356478692961935 0.259006012943992 0.857412923225279
2.4784838 0.356478692961935 0.259006012943992 0.857412923225279
2.4954973 0.356478692961935 0.259006012943992 0.857412923225279
2.5100042 0.356478692961935 0.259006012943992 0.857412923225279
2.5229849 0.356478692961935 0.259006012943992 0.857412923225279
2.5479984 0.421962775490491 0.33467263855711 0.857412923225279
2.561983 0.421962775490491 0.33467263855711 0.857412923225279
2.5775305 0.421962775490491 0.33467263855711 0.857412923225279
2.5974821 0.421962775490491 0.33467263855711 0.857412923225279
2.6135308 0.421962775490491 0.33467263855711 0.857412923225279
2.63948 0.499165601695686 0.419614156832968 0.833089152353639
2.6529819 0.499165601695686 0.419614156832968 0.833089152353639
2.6674825 0.499165601695686 0.419614156832968 0.833089152353639
2.681984 0.499165601695686 0.419614156832968 0.833089152353639
2.6984827 0.499165601695686 0.419614156832968 0.833089152353639
2.7155215 0.499165601695686 0.419614156832968 0.833089152353639
2.7289813 0.499165601695686 0.419614156832968 0.833089152353639
2.7414836 0.499165601695686 0.419614156832968 0.833089152353639
2.7559811 0.499165601695686 0.419614156832968 0.833089152353639
2.7709805 0.555204550629291 0.482028726317259 0.839170095071549
2.7849808 0.555204550629291 0.482028726317259 0.839170095071549
2.7979906 0.555204550629291 0.482028726317259 0.839170095071549
2.8139886 0.555204550629291 0.482028726317259 0.839170095071549
2.8339825 0.555204550629291 0.482028726317259 0.839170095071549
2.856983 0.616159196837774 0.549918258037014 0.839170095071549
2.87098 0.616159196837774 0.549918258037014 0.839170095071549
2.8859803 0.616159196837774 0.549918258037014 0.839170095071549
2.9020254 0.616159196837774 0.549918258037014 0.839170095071549
2.91498 0.616159196837774 0.549918258037014 0.839170095071549
2.9350131 0.616159196837774 0.549918258037014 0.839170095071549
2.9549841 0.68210219021958 0.625185282158667 0.851331980507369
2.9709799 0.68210219021958 0.625185282158667 0.851331980507369
2.9869821 0.68210219021958 0.625185282158667 0.851331980507369
3.0024804 0.68210219021958 0.625185282158667 0.851331980507369
3.0154828 0.68210219021958 0.625185282158667 0.851331980507369
3.0314832 0.68210219021958 0.625185282158667 0.851331980507369
3.0664909 0.741914217450336 0.696020833020973 0.869574808661098
3.0869875 0.741914217450336 0.696020833020973 0.869574808661098
3.102996 0.741914217450336 0.696020833020973 0.869574808661098
3.11598 0.741914217450336 0.696020833020973 0.869574808661098
3.1289932 0.741914217450336 0.696020833020973 0.869574808661098
3.1519823 0.802155883096491 0.766491362943741 0.863493865943188
3.1634838 0.802155883096491 0.766491362943741 0.863493865943188
3.178026 0.802155883096491 0.766491362943741 0.863493865943188
3.1914814 0.802155883096491 0.766491362943741 0.863493865943188
3.2059819 0.802155883096491 0.766491362943741 0.863493865943188
3.2189988 0.802155883096491 0.766491362943741 0.863493865943188
3.2369911 0.849342942565597 0.821015843164959 0.857412923225279
3.2534897 0.849342942565597 0.821015843164959 0.857412923225279
3.2709849 0.849342942565597 0.821015843164959 0.857412923225279
3.2844821 0.849342942565597 0.821015843164959 0.857412923225279
3.2989823 0.849342942565597 0.821015843164959 0.857412923225279
3.3124802 0.849342942565597 0.821015843164959 0.857412923225279
3.3254919 0.849342942565597 0.821015843164959 0.857412923225279
3.3399823 0.849342942565597 0.821015843164959 0.857412923225279
3.3530145 0.916255685850078 0.897389735288401 0.851331980507369
3.3649807 0.916255685850078 0.897389735288401 0.851331980507369
3.378495 0.916255685850078 0.897389735288401 0.851331980507369
3.3954865 0.916255685850078 0.897389735288401 0.851331980507369
3.4079818 0.916255685850078 0.897389735288401 0.851331980507369
3.4284835 0.916255685850078 0.897389735288401 0.851331980507369
3.4414807 0.916255685850078 0.897389735288401 0.851331980507369
3.4615278 0.974998759883047 0.965267149441345 0.857412923225279
3.4779813 0.974998759883047 0.965267149441345 0.857412923225279
3.4984823 0.974998759883047 0.965267149441345 0.857412923225279
3.5149835 0.974998759883047 0.965267149441345 0.857412923225279
3.53098 0.974998759883047 0.965267149441345 0.857412923225279
3.5434827 1.03715285935924 1.0379748390442 0.863493865943189
3.5594854 1.03715285935924 1.0379748390442 0.863493865943189
3.5734909 1.03715285935924 1.0379748390442 0.863493865943189
3.588484 1.03715285935924 1.0379748390442 0.863493865943189
3.6019813 1.03715285935924 1.0379748390442 0.863493865943189
3.6164812 1.03715285935924 1.0379748390442 0.863493865943189
3.6390325 1.05654766665875 1.06923701633985 1.01551743389093
3.6549824 1.08158569821379 1.09816837319192 0.857412923225279
3.6689802 1.08158569821379 1.09816837319192 0.857412923225279
3.6834825 1.08158569821379 1.09816837319192 0.857412923225279
3.6990145 1.08158569821379 1.09816837319192 0.857412923225279
3.7124959 1.08158569821379 1.09816837319192 0.857412923225279
3.7379819 1.13719570534026 1.16484582073619 0.875655751379008
3.7534816 1.13719570534026 1.16484582073619 0.875655751379008
3.7694814 1.13719570534026 1.16484582073619 0.875655751379008
3.7819947 1.13719570534026 1.16484582073619 0.875655751379008
3.7974838 1.13719570534026 1.16484582073619 0.875655751379008
3.8124814 1.13719570534026 1.16484582073619 0.875655751379008
3.8434841 1.20034925430213 1.242468192188 0.887817636814828
3.8564845 1.20034925430213 1.242468192188 0.887817636814828
3.8704836 1.20034925430213 1.242468192188 0.887817636814828
3.8844836 1.20034925430213 1.242468192188 0.887817636814828
3.9014876 1.20034925430213 1.242468192188 0.887817636814828
3.922981 1.20034925430213 1.242468192188 0.887817636814828
3.9369852 1.20034925430213 1.242468192188 0.887817636814828
3.9624833 1.24425857242162 1.29779855326803 0.899979522250647
3.976486 1.24425857242162 1.29779855326803 0.899979522250647
3.9899902 1.24425857242162 1.29779855326803 0.899979522250647
4.0054804 1.24425857242162 1.29779855326803 0.899979522250647
4.0305383 1.30183974941627 1.36857189194468 0.887817636814828
4.0449845 1.30183974941627 1.36857189194468 0.887817636814828
4.0580009 1.30183974941627 1.36857189194468 0.887817636814828
4.0730315 1.30183974941627 1.36857189194468 0.887817636814828
4.0909806 1.30183974941627 1.36857189194468 0.887817636814828
4.1039818 1.30183974941627 1.36857189194468 0.887817636814828
4.1204876 1.30183974941627 1.36857189194468 0.887817636814828
4.1409819 1.34813504999434 1.42764301008667 0.906060464968557
4.159997 1.34813504999434 1.42764301008667 0.906060464968557
4.1796272 1.34813504999434 1.42764301008667 0.906060464968557
4.1964838 1.34813504999434 1.42764301008667 0.906060464968557
4.2129838 1.34813504999434 1.42764301008667 0.906060464968557
4.2289948 1.34813504999434 1.42764301008667 0.906060464968557
4.2419819 1.3896500800225 1.48479175772583 0.942546121276016
4.2569895 1.3896500800225 1.48479175772583 0.942546121276016
4.2714983 1.3896500800225 1.48479175772583 0.942546121276016
4.2854839 1.3896500800225 1.48479175772583 0.942546121276016
4.3004813 1.3896500800225 1.48479175772583 0.942546121276016
4.3159822 1.3896500800225 1.48479175772583 0.942546121276016
4.3299821 1.3896500800225 1.48479175772583 0.942546121276016
4.3429807 1.3896500800225 1.48479175772583 0.942546121276016
4.3689819 1.43764354591534 1.55714493412616 0.985112720301384
4.3849847 1.43764354591534 1.55714493412616 0.985112720301384
4.3979827 1.43764354591534 1.55714493412616 0.985112720301384
4.4160437 1.43764354591534 1.55714493412616 0.985112720301384
4.4289951 1.43764354591534 1.55714493412616 0.985112720301384
4.4414841 1.43764354591534 1.55714493412616 0.985112720301384
4.471484 1.44434988911022 1.56856580381149 1.03984120476257
4.4859875 1.47093301232389 1.60004827086141 0.869574808661098
4.4995065 1.47093301232389 1.60004827086141 0.869574808661098
4.5199897 1.47093301232389 1.60004827086141 0.869574808661098
4.5419889 1.4728043180771 1.60231994455419 0.881736694096918
4.5564847 1.52007121418523 1.63740206489625 0.638498985380527
4.5699796 1.52007121418523 1.63740206489625 0.638498985380527
4.5869835 1.52007121418523 1.63740206489625 0.638498985380527
4.6025067 1.52007121418523 1.63740206489625 0.638498985380527
4.6204897 1.52007121418523 1.63740206489625 0.638498985380527
4.6424853 1.57290264356514 1.65982246955237 0.401342219382045
4.6549835 1.57290264356514 1.65982246955237 0.401342219382045
4.6704825 1.57290264356514 1.65982246955237 0.401342219382045
4.6874809 1.57290264356514 1.65982246955237 0.401342219382045
4.7004865 1.57290264356514 1.65982246955237 0.401342219382045
4.7204848 1.57290264356514 1.65982246955237 0.401342219382045
4.73348 1.57290264356514 1.65982246955237 0.401342219382045
4.7584831 1.57290264356514 1.65982246955237 0.401342219382045
4.7719801 1.61874181671694 1.67060743925147 0.231075823280572
4.7874823 1.61874181671694 1.67060743925147 0.231075823280572
4.8044826 1.61874181671694 1.67060743925147 0.231075823280572
4.8304887 1.68139136559893 1.68696533440051 0.255399594152211
4.8434826 1.68139136559893 1.68696533440051 0.255399594152211
4.8574831 1.68139136559893 1.68696533440051 0.255399594152211
4.8729803 1.68139136559893 1.68696533440051 0.255399594152211
4.8884842 1.68139136559893 1.68696533440051 0.255399594152211
4.9065079 1.68139136559893 1.68696533440051 0.255399594152211
4.92048 1.68139136559893 1.68696533440051 0.255399594152211
4.9359842 1.68139136559893 1.68696533440051 0.255399594152211
4.9484835 1.72360983141156 1.71096343157802 0.516880131022331
4.9639803 1.72360983141156 1.71096343157802 0.516880131022331
4.9774876 1.72360983141156 1.71096343157802 0.516880131022331
4.9909818 1.72360983141156 1.71096343157802 0.516880131022331
5.0039831 1.72360983141156 1.71096343157802 0.516880131022331
5.0304802 1.75984267232628 1.7475695308918 0.790522553328271
5.0455026 1.75984267232628 1.7475695308918 0.790522553328271
5.0614875 1.75984267232628 1.7475695308918 0.790522553328271
5.0785278 1.75984267232628 1.7475695308918 0.790522553328271
5.0959971 1.75984267232628 1.7475695308918 0.790522553328271
5.1134804 1.75984267232628 1.7475695308918 0.790522553328271
5.1304835 1.75984267232628 1.7475695308918 0.790522553328271
5.1469802 1.7700778253723 1.77039696719425 1.14929817368495
5.163981 1.7700778253723 1.77039696719425 1.14929817368495
5.1794896 1.7700778253723 1.77039696719425 1.14929817368495
5.1980032 1.7700778253723 1.77039696719425 1.14929817368495
5.2129834 1.7700778253723 1.77039696719425 1.14929817368495
5.232006 1.77238984256886 1.80121371057934 1.49591190860581
5.2499821 1.77238984256886 1.80121371057934 1.49591190860581
5.2639813 1.77238984256886 1.80121371057934 1.49591190860581
5.2784988 1.77238984256886 1.80121371057934 1.49591190860581
5.3019818 1.77238984256886 1.80121371057934 1.49591190860581
5.3194868 1.77238984256886 1.80121371057934 1.49591190860581
5.3339873 1.77238984256886 1.80121371057934 1.49591190860581
5.3474814 1.77238984256886 1.80121371057934 1.49591190860581
5.3684801 1.77218023136905 1.80856866498593 1.59928793481027
5.3859804 1.77218023136905 1.80856866498593 1.59928793481027
5.3994865 1.77218023136905 1.80856866498593 1.59928793481027
5.4184824 1.77218023136905 1.80856866498593 1.59928793481027
5.4309832 1.77218023136905 1.80856866498593 1.59928793481027
5.4630073 1.76907277712569 1.8673501107279 1.62361170568191
5.4789968 1.76907277712569 1.8673501107279 1.62361170568191
5.4919889 1.76907277712569 1.8673501107279 1.62361170568191
5.5044833 1.76907277712569 1.8673501107279 1.62361170568191
5.5189824 1.76907277712569 1.8673501107279 1.62361170568191
5.5354847 1.76907277712569 1.8673501107279 1.62361170568191
5.5554804 1.75863888685854 1.96983149930544 1.67225924742519
5.5689917 1.75863888685854 1.96983149930544 1.67225924742519
5.5879835 1.75863888685854 1.96983149930544 1.67225924742519
5.6004804 1.75863888685854 1.96983149930544 1.67225924742519
5.6144824 1.75863888685854 1.96983149930544 1.67225924742519
5.6274801 1.75863888685854 1.96983149930544 1.67225924742519
5.6399823 1.75863888685854 1.96983149930544 1.67225924742519
5.6549827 1.75863888685854 1.96983149930544 1.67225924742519
5.6689823 1.77127460227786 2.05126595995455 1.41685965327298
5.6889798 1.77127460227786 2.05126595995455 1.41685965327298
5.7054803 1.77127460227786 2.05126595995455 1.41685965327298
5.7214823 1.77127460227786 2.05126595995455 1.41685965327298
5.738984 1.77127460227786 2.05126595995455 1.41685965327298
5.7549849 1.77127460227786 2.05126595995455 1.41685965327298
5.7884848 1.79454837103727 2.08878057270932 1.01551743389093
5.8069812 1.79454837103727 2.08878057270932 1.01551743389093
5.8239946 1.79454837103727 2.08878057270932 1.01551743389093
5.8364826 1.79454837103727 2.08878057270932 1.01551743389093
5.8629811 1.76603732684298 2.05702579174363 0.839170095071549
5.8785273 1.82635646880924 2.09378280722938 0.54728484461188
5.8904856 1.82635646880924 2.09378280722938 0.54728484461188
5.9034966 1.82635646880924 2.09378280722938 0.54728484461188
5.9174825 1.82635646880924 2.09378280722938 0.54728484461188
5.9304817 1.82635646880924 2.09378280722938 0.54728484461188
5.9559859 1.8322075948626 2.09442582376223 0.109456968922376
5.9685102 1.8322075948626 2.09442582376223 0.109456968922376
5.983987 1.8322075948626 2.09442582376223 0.109456968922376
5.9974812 1.8322075948626 2.09442582376223 0.109456968922376
6.012002 1.8322075948626 2.09442582376223 0.109456968922376
6.0309799 1.8322075948626 2.09442582376223 0.109456968922376
6.0459814 1.8581320491917 2.08898818811742 -0.206752052408932
6.0635195 1.8581320491917 2.08898818811742 -0.206752052408932
6.0844845 1.8581320491917 2.08898818811742 -0.206752052408932
6.0989832 1.8581320491917 2.08898818811742 -0.206752052408932
6.1169807 1.8581320491917 2.08898818811742 -0.206752052408932
6.132989 1.8581320491917 2.08898818811742 -0.206752052408932
6.1544802 1.87777811305777 2.07601057214866 -0.583770500919339
6.1684802 1.87777811305777 2.07601057214866 -0.583770500919339
6.1839827 1.87777811305777 2.07601057214866 -0.583770500919339
6.1994856 1.87777811305777 2.07601057214866 -0.583770500919339
6.2169834 1.87777811305777 2.07601057214866 -0.583770500919339
6.2425218 1.87267850638071 2.07895049699347 -0.522961073740241
6.2555042 1.87267850638071 2.07895049699347 -0.522961073740241
6.2684966 1.87267850638071 2.07895049699347 -0.522961073740241
6.285992 1.87267850638071 2.07895049699347 -0.522961073740241
6.2984822 1.87267850638071 2.07895049699347 -0.522961073740241
6.31856 1.87267850638071 2.07895049699347 -0.522961073740241
6.3354874 1.87267850638071 2.07895049699347 -0.522961073740241
6.3529916 1.87267850638071 2.07895049699347 -0.522961073740241
6.3655147 1.85432389131183 2.08434398510753 -0.285804307741759
6.3804839 1.85432389131183 2.08434398510753 -0.285804307741759
6.3965119 1.85432389131183 2.08434398510753 -0.285804307741759
6.4089812 1.85432389131183 2.08434398510753 -0.285804307741759
6.4229826 1.85432389131183 2.08434398510753 -0.285804307741759
6.4379836 1.85432389131183 2.08434398510753 -0.285804307741759
6.4614963 1.85558054010279 2.08357821395158 -0.54728484461188
6.4744818 1.85558054010279 2.08357821395158 -0.54728484461188
6.488983 1.85558054010279 2.08357821395158 -0.54728484461188
6.5024807 1.85558054010279 2.08357821395158 -0.54728484461188
6.5199887 1.85558054010279 2.08357821395158 -0.54728484461188
6.5385171 1.85558054010279 2.08357821395158 -0.54728484461188
6.5690283 1.86089936748514 2.07653047285438 -0.924303293122286
6.5880308 1.86089936748514 2.07653047285438 -0.924303293122286
6.6049842 1.86089936748514 2.07653047285438 -0.924303293122286
6.6174813 1.86089936748514 2.07653047285438 -0.924303293122286
6.6309816 1.86089936748514 2.07653047285438 -0.924303293122286
6.6634802 1.86601325231272 2.05962809139035 -1.27699797076105
6.6804835 1.86601325231272 2.05962809139035 -1.27699797076105
6.6934819 1.86601325231272 2.05962809139035 -1.27699797076105
6.708981 1.86601325231272 2.05962809139035 -1.27699797076105
6.725983 1.86601325231272 2.05962809139035 -1.27699797076105
6.7404824 1.86604703593374 2.04196906605337 -1.56888322122072
6.7579859 1.86604703593374 2.04196906605337 -1.56888322122072
6.7749824 1.86604703593374 2.04196906605337 -1.56888322122072
6.794994 1.86604703593374 2.04196906605337 -1.56888322122072
6.8069799 1.86604703593374 2.04196906605337 -1.56888322122072
6.8184864 1.86604703593374 2.04196906605337 -1.56888322122072
6.8309903 1.86604703593374 2.04196906605337 -1.56888322122072
6.8454827 1.86604703593374 2.04196906605337 -1.56888322122072
6.8819809 1.86638818675272 1.9992943736544 -1.56280227850281
6.8975377 1.86638818675272 1.9992943736544 -1.56280227850281
6.9194855 1.86638818675272 1.9992943736544 -1.56280227850281
6.9319813 1.86638818675272 1.9992943736544 -1.56280227850281
6.9559883 1.88641756899408 1.93309337958696 -1.27699797076105
6.9689856 1.859420102358 1.98037767275225 -1.05200309019839
6.9869817 1.859420102358 1.98037767275225 -1.05200309019839
7.0009852 1.859420102358 1.98037767275225 -1.05200309019839
7.0174842 1.859420102358 1.98037767275225 -1.05200309019839
7.0304799 1.859420102358 1.98037767275225 -1.05200309019839
7.0569901 1.85309075812193 1.98412983116033 -0.53512295917606
7.0699822 1.85309075812193 1.98412983116033 -0.53512295917606
7.0839802 1.85309075812193 1.98412983116033 -0.53512295917606
7.1019867 1.85309075812193 1.98412983116033 -0.53512295917606
7.1174855 1.85309075812193 1.98412983116033 -0.53512295917606
7.1494859 1.8866067836996 1.97941141714675 -0.139861682511925
7.1669877 1.8866067836996 1.97941141714675 -0.139861682511925
7.1824911 1.8866067836996 1.97941141714675 -0.139861682511925
7.1969807 1.8866067836996 1.97941141714675 -0.139861682511925
7.2204856 1.8866067836996 1.97941141714675 -0.139861682511925
7.241482 1.90533000071505 1.98333859844577 0.206752052408932
7.254982 1.90533000071505 1.98333859844577 0.206752052408932
7.2709817 1.90533000071505 1.98333859844577 0.206752052408932
7.2889818 1.90533000071505 1.98333859844577 0.206752052408932
7.3014798 1.90533000071505 1.98333859844577 0.206752052408932
7.3199886 1.90533000071505 1.98333859844577 0.206752052408932
7.3559801 1.91154235388085 1.9872814349021 0.565527672765609
7.3724818 1.91154235388085 1.9872814349021 0.565527672765609
7.3869963 1.91154235388085 1.9872814349021 0.565527672765609
7.3999822 1.91154235388085 1.9872814349021 0.565527672765609
7.4124802 1.91154235388085 1.9872814349021 0.565527672765609
7.4259818 1.91154235388085 1.9872814349021 0.565527672765609
7.445483 1.91154235388085 1.9872814349021 0.565527672765609
7.4640035 1.91723873742664 1.99402767784137 0.869574808661098
7.480484 1.91723873742664 1.99402767784137 0.869574808661098
7.4934824 1.91723873742664 1.99402767784137 0.869574808661098
7.5084821 1.91723873742664 1.99402767784137 0.869574808661098
7.5244831 1.91723873742664 1.99402767784137 0.869574808661098
7.560483 1.91723873742664 1.99402767784137 0.857412923225279
7.5804825 1.91723873742664 1.99402767784137 0.857412923225279
7.5954839 1.91723873742664 1.99402767784137 0.857412923225279
7.6094809 1.91723873742664 1.99402767784137 0.857412923225279
7.6229839 1.91723873742664 1.99402767784137 0.857412923225279
7.6364882 1.91723873742664 1.99402767784137 0.747955954302903
7.6499832 1.91723873742664 1.99402767784137 0.747955954302903
7.6644825 1.91723873742664 1.99402767784137 0.747955954302903
7.6824852 1.91723873742664 1.99402767784137 0.747955954302903
7.6974819 1.91723873742664 1.99402767784137 0.747955954302903
7.7134845 1.91723873742664 1.99402767784137 0.747955954302903
7.7264988 1.91723873742664 1.99402767784137 0.747955954302903
7.7459875 1.91723873742664 1.99402767784137 0.747955954302903
7.7625003 1.9160309487413 1.9931869530715 0.608094271790978
7.7834828 1.9160309487413 1.9931869530715 0.608094271790978
7.7990025 1.9160309487413 1.9931869530715 0.608094271790978
7.8335287 1.89951563503461 1.98353159075138 0.529042016458151
7.8459824 1.91536976004084 1.99130906061451 0.456070703843233
7.8674842 1.91536976004084 1.99130906061451 0.456070703843233
7.8824836 1.91536976004084 1.99130906061451 0.456070703843233
7.8994925 1.91536976004084 1.99130906061451 0.456070703843233
7.9189877 1.91536976004084 1.99130906061451 0.456070703843233
7.9349825 1.91536976004084 1.99130906061451 0.456070703843233
7.9619819 1.91673799328224 1.99185082573358 0.377018448510406
7.9744806 1.91673799328224 1.99185082573358 0.377018448510406
7.98748 1.91673799328224 1.99185082573358 0.377018448510406
8.0039831 1.91673799328224 1.99185082573358 0.377018448510406
8.0214799 1.91673799328224 1.99185082573358 0.377018448510406
8.0359807 1.91673799328224 1.99185082573358 0.377018448510406
8.0639802 1.91673799328224 1.99185082573358 0.304047135895489
8.0829916 1.91673799328224 1.99185082573358 0.304047135895489
8.1034917 1.91673799328224 1.99185082573358 0.304047135895489
8.119987 1.91673799328224 1.99185082573358 0.304047135895489
8.1494875 1.91816839150906 1.992196560545 0.237156765998481
8.1669887 1.91816839150906 1.992196560545 0.237156765998481
8.1865128 1.91816839150906 1.992196560545 0.237156765998481
8.1999815 1.91816839150906 1.992196560545 0.237156765998481
8.2129826 1.91816839150906 1.992196560545 0.237156765998481
8.242487 1.92689608633778 1.99353369265256 0.152023567947744
8.2569813 1.92689608633778 1.99353369265256 0.152023567947744
8.2719828 1.92689608633778 1.99353369265256 0.152023567947744
8.2889836 1.92689608633778 1.99353369265256 0.152023567947744
8.3014979 1.92689608633778 1.99353369265256 0.152023567947744
8.3249912 1.92689608633778 1.99353369265256 0.152023567947744
8.3414823 1.92835203041063 1.9937476985026 0.145942625229835
8.3570199 1.92835203041063 1.9937476985026 0.145942625229835
8.3719931 1.92835203041063 1.9937476985026 0.145942625229835
8.3844816 1.92835203041063 1.9937476985026 0.145942625229835
8.396998 1.92835203041063 1.9937476985026 0.145942625229835
8.4124826 1.92835203041063 1.9937476985026 0.145942625229835
8.4264801 1.92835203041063 1.9937476985026 0.145942625229835
8.4419831 1.92835203041063 1.9937476985026 0.145942625229835
8.4654931 1.92835203041063 1.9937476985026 0.133780739794015
8.4820074 1.92835203041063 1.9937476985026 0.133780739794015
8.496483 1.92835203041063 1.9937476985026 0.133780739794015
8.5109877 1.92835203041063 1.9937476985026 0.133780739794015
8.5274826 1.92835203041063 1.9937476985026 0.133780739794015
8.5464859 1.92835203041063 1.9937476985026 0.133780739794015
8.564483 1.92835203041063 1.9937476985026 0.133780739794015
8.581482 1.92835203041063 1.9937476985026 0.133780739794015
8.5979834 1.92835203041063 1.9937476985026 0.133780739794015
8.6134894 1.92835203041063 1.9937476985026 0.133780739794015
8.6264793 1.92835203041063 1.9937476985026 0.133780739794015
8.6464865 1.92689741460585 1.99352484315134 0.152023567947744
8.6644991 1.92689741460585 1.99352484315134 0.152023567947744
8.6804837 1.92689741460585 1.99352484315134 0.152023567947744
8.6964806 1.92689741460585 1.99352484315134 0.152023567947744
8.7149819 1.92689741460585 1.99352484315134 0.152023567947744
8.7489866 1.925441470533 1.9933108373013 0.145942625229835
8.7664892 1.925441470533 1.9933108373013 0.145942625229835
8.7784846 1.925441470533 1.9933108373013 0.145942625229835
8.7914823 1.925441470533 1.9933108373013 0.145942625229835
8.812493 1.925441470533 1.9933108373013 0.145942625229835
8.8290205 1.925441470533 1.9933108373013 0.145942625229835
8.8459893 1.925441470533 1.9933108373013 0.145942625229835
8.8599839 1.925441470533 1.9933108373013 0.145942625229835
8.8764997 1.925441470533 1.9933108373013 0.145942625229835
8.8909815 1.925441470533 1.9933108373013 0.145942625229835
8.9059807 1.925441470533 1.9933108373013 0.145942625229835
8.9209892 1.925441470533 1.9933108373013 0.145942625229835
8.9384832 1.925441470533 1.9933108373013 0.145942625229835
8.9559972 1.925441470533 1.9933108373013 0.145942625229835
8.9730123 1.925441470533 1.9933108373013 0.145942625229835
8.9904814 1.925441470533 1.9933108373013 0.145942625229835
9.0039835 1.925441470533 1.9933108373013 0.145942625229835
9.0219806 1.925441470533 1.9933108373013 0.145942625229835
9.0584831 1.925441470533 1.9933108373013 0.145942625229835
9.0759828 1.925441470533 1.9933108373013 0.145942625229835
9.0914888 1.925441470533 1.9933108373013 0.145942625229835
9.1049815 1.925441470533 1.9933108373013 0.145942625229835
9.1209854 1.925441470533 1.9933108373013 0.145942625229835
9.1364825 1.92689868903637 1.99351598573667 0.139861682511925
9.1584876 1.92689868903637 1.99351598573667 0.139861682511925
9.1744824 1.92689868903637 1.99351598573667 0.139861682511925
9.1929885 1.92689868903637 1.99351598573667 0.139861682511925
9.2054815 1.92689868903637 1.99351598573667 0.139861682511925
9.2229859 1.92689868903637 1.99351598573667 0.139861682511925
9.2374826 1.92689868903637 1.99351598573667 0.139861682511925
9.2564847 1.92689868903637 1.99351598573667 0.139861682511925
9.273003 1.92689868903637 1.99351598573667 0.139861682511925
9.291988 1.92689868903637 1.99351598573667 0.139861682511925
9.3049803 1.92689868903637 1.99351598573667 0.139861682511925
9.3309895 1.92689868903637 1.99351598573667 0.139861682511925
9.3484828 1.92689868903637 1.99351598573667 0.139861682511925
9.3604834 1.92689868903637 1.99351598573667 0.139861682511925
9.3764802 1.92689868903637 1.99351598573667 0.139861682511925
9.3934889 1.92689868903637 1.99351598573667 0.139861682511925
9.4064823 1.92689868903637 1.99351598573667 0.139861682511925
9.4189842 1.92689868903637 1.99351598573667 0.139861682511925
9.43248 1.92689868903637 1.99351598573667 0.139861682511925
9.4504804 1.92689868903637 1.99351598573667 0.139861682511925
9.4649879 1.92689868903637 1.99351598573667 0.139861682511925
9.4834874 1.92689868903637 1.99351598573667 0.139861682511925
9.4999803 1.92689868903637 1.99351598573667 0.139861682511925
9.5159845 1.92689868903637 1.99351598573667 0.139861682511925
9.5295126 1.92689868903637 1.99351598573667 0.139861682511925
9.5519851 1.92689868903637 1.99351598573667 0.139861682511925
9.569002 1.92689868903637 1.99351598573667 0.139861682511925
9.5839802 1.92689868903637 1.99351598573667 0.139861682511925
9.5964799 1.92689868903637 1.99351598573667 0.139861682511925
9.6144829 1.92689868903637 1.99351598573667 0.139861682511925
9.6365094 1.92689868903637 1.99351598573667 0.139861682511925
9.6504822 1.92689868903637 1.99351598573667 0.139861682511925
9.663481 1.92689868903637 1.99351598573667 0.139861682511925
9.6779819 1.92689868903637 1.99351598573667 0.139861682511925
9.6909832 1.92689868903637 1.99351598573667 0.139861682511925
9.7049819 1.92689868903637 1.99351598573667 0.139861682511925
9.7189839 1.92689868903637 1.99351598573667 0.139861682511925
9.7394842 1.92689868903637 1.99351598573667 0.139861682511925
9.75198 1.92689868903637 1.99351598573667 0.139861682511925
9.764483 1.92689868903637 1.99351598573667 0.139861682511925
9.7799957 1.92689868903637 1.99351598573667 0.139861682511925
9.7924799 1.92689868903637 1.99351598573667 0.139861682511925
9.806504 1.92689868903637 1.99351598573667 0.139861682511925
9.8209835 1.92689868903637 1.99351598573667 0.139861682511925
9.8409839 1.92689868903637 1.99351598573667 0.139861682511925
9.8554868 1.92689868903637 1.99351598573667 0.139861682511925
9.8739818 1.92689868903637 1.99351598573667 0.139861682511925
9.8894802 1.92689868903637 1.99351598573667 0.139861682511925
9.9089874 1.92689868903637 1.99351598573667 0.139861682511925
9.9530754 1.92689868903637 1.99351598573667 0.139861682511925
9.9720658 1.92689868903637 1.99351598573667 0.139861682511925
9.986584 1.92689868903637 1.99351598573667 0.139861682511925
10.0065349 1.92689868903637 1.99351598573667 0.139861682511925
10.0185433 1.92689868903637 1.99351598573667 0.139861682511925
10.0310308 1.92689868903637 1.99351598573667 0.139861682511925
10.0445448 1.92689868903637 1.99351598573667 0.139861682511925
10.0565609 1.92689868903637 1.99351598573667 0.139861682511925
10.0750506 1.92689868903637 1.99351598573667 0.139861682511925
10.0915587 1.92689868903637 1.99351598573667 0.139861682511925
10.1085328 1.92689868903637 1.99351598573667 0.139861682511925
10.1205314 1.92689868903637 1.99351598573667 0.139861682511925
10.135544 1.92689868903637 1.99351598573667 0.139861682511925
10.1480302 1.92689868903637 1.99351598573667 0.139861682511925
10.1605319 1.92689868903637 1.99351598573667 0.139861682511925
10.1780352 1.92689868903637 1.99351598573667 0.139861682511925
10.1900525 1.92689868903637 1.99351598573667 0.139861682511925
10.2020301 1.92689868903637 1.99351598573667 0.139861682511925
10.2170302 1.92689868903637 1.99351598573667 0.139861682511925
10.2300323 1.92689868903637 1.99351598573667 0.139861682511925
10.2480548 1.92689868903637 1.99351598573667 0.139861682511925
10.2660354 1.92689868903637 1.99351598573667 0.139861682511925
10.2835316 1.92689868903637 1.99351598573667 0.139861682511925
10.3000314 1.92689868903637 1.99351598573667 0.139861682511925
10.313065 1.92689868903637 1.99351598573667 0.139861682511925
10.3250318 1.92689868903637 1.99351598573667 0.139861682511925
10.3390404 1.92689868903637 1.99351598573667 0.139861682511925
10.3550333 1.92689868903637 1.99351598573667 0.139861682511925
10.3720573 1.92689868903637 1.99351598573667 0.139861682511925
10.3845302 1.92689868903637 1.99351598573667 0.139861682511925
10.4020302 1.92689868903637 1.99351598573667 0.139861682511925
10.4185311 1.92689868903637 1.99351598573667 0.139861682511925
10.4360305 1.92689868903637 1.99351598573667 0.139861682511925
10.4510311 1.92689868903637 1.99351598573667 0.139861682511925
10.463532 1.92689868903637 1.99351598573667 0.139861682511925
10.4826225 1.92689868903637 1.99351598573667 0.139861682511925
10.5025385 1.92689868903637 1.99351598573667 0.139861682511925
10.521536 1.92689868903637 1.99351598573667 0.139861682511925
10.538032 1.92689868903637 1.99351598573667 0.139861682511925
10.5565335 1.92689868903637 1.99351598573667 0.139861682511925
10.5725313 1.92689868903637 1.99351598573667 0.139861682511925
10.5860313 1.92689868903637 1.99351598573667 0.139861682511925
10.6005319 1.92689868903637 1.99351598573667 0.139861682511925
10.6175389 1.92689868903637 1.99351598573667 0.139861682511925
10.6425487 1.92689868903637 1.99351598573667 0.139861682511925
10.6560317 1.92689868903637 1.99351598573667 0.139861682511925
10.6726712 1.92689868903637 1.99351598573667 0.139861682511925
10.6850328 1.92689868903637 1.99351598573667 0.139861682511925
10.7000382 1.92689868903637 1.99351598573667 0.139861682511925
10.7125384 1.92689868903637 1.99351598573667 0.139861682511925
10.7415663 1.92689868903637 1.99351598573667 0.139861682511925
10.7570346 1.92689868903637 1.99351598573667 0.139861682511925
10.7730445 1.92689868903637 1.99351598573667 0.139861682511925
10.7910305 1.92689868903637 1.99351598573667 0.139861682511925
10.807537 1.92689868903637 1.99351598573667 0.139861682511925
10.8200322 1.92689868903637 1.99351598573667 0.139861682511925
10.8400321 1.92689868903637 1.99351598573667 0.139861682511925
10.8575646 1.92689868903637 1.99351598573667 0.139861682511925
10.8750352 1.92689868903637 1.99351598573667 0.139861682511925
10.8915618 1.92689868903637 1.99351598573667 0.139861682511925
10.9070338 1.92689868903637 1.99351598573667 0.139861682511925
10.9200304 1.92689868903637 1.99351598573667 0.139861682511925
10.9335736 1.92689868903637 1.99351598573667 0.139861682511925
10.9450421 1.92689868903637 1.99351598573667 0.139861682511925
10.9575311 1.92689868903637 1.99351598573667 0.139861682511925
10.97753 1.92689868903637 1.99351598573667 0.139861682511925
10.9920337 1.92689868903637 1.99351598573667 0.139861682511925
11.0110305 1.92689868903637 1.99351598573667 0.139861682511925
11.0225312 1.92689868903637 1.99351598573667 0.139861682511925
11.045534 1.92689868903637 1.99351598573667 0.139861682511925
11.0570314 1.92689868903637 1.99351598573667 0.139861682511925
11.0815312 1.92689868903637 1.99351598573667 0.139861682511925
11.0950333 1.92689868903637 1.99351598573667 0.139861682511925
11.1100306 1.92689868903637 1.99351598573667 0.139861682511925
11.1235918 1.92689868903637 1.99351598573667 0.139861682511925
11.1405319 1.92689868903637 1.99351598573667 0.139861682511925
11.1530298 1.92689868903637 1.99351598573667 0.139861682511925
11.1680313 1.92689868903637 1.99351598573667 0.139861682511925
11.1815351 1.92689868903637 1.99351598573667 0.139861682511925
11.2015322 1.92689868903637 1.99351598573667 0.139861682511925
11.2150304 1.92689868903637 1.99351598573667 0.139861682511925
11.2330558 1.92689868903637 1.99351598573667 0.139861682511925
11.2475631 1.92689868903637 1.99351598573667 0.139861682511925
11.260584 1.92689868903637 1.99351598573667 0.139861682511925
11.2765333 1.92689868903637 1.99351598573667 0.139861682511925
11.2885307 1.92689868903637 1.99351598573667 0.139861682511925
11.3020327 1.92689868903637 1.99351598573667 0.139861682511925
11.3160335 1.92689868903637 1.99351598573667 0.139861682511925
