0.015426 0 0 0
0.0304255 0 0 0
0.0459353 0 0 0
0.0634268 0 0 0
0.07542 0 0 0
0.0869212 0 0 0
0.1009223 0 0 0
0.1139223 0 0 0
0.1299328 0 0 0
0.141921 0 0 0
0.1554428 0 0 0
0.1674224 0 0 0
0.179421 0 0 0
0.1954231 0 0 0
0.211424 0 0 0
0.2294291 0 0 0
0.241422 0 0 0
0.2549278 0 0 0
0.2694683 0 0 0
0.2814215 0 0 0
0.294925 0 0 0
0.3074318 0 0 0
0.3189217 0 0 0
0.3349403 0 0 0
0.3504256 0 0 0
0.369923 0 0 0
0.3819238 0 0 0
0.3999353 0 0 0
0.4134218 0 0 0
0.4264232 0 0 0
0.4409222 0 0 0
0.4584218 0 0 0
0.4729548 0 0 0
0.4849221 0 0 0
0.5129214 0 0 0
0.5259241 0 0 0
0.5419631 0 0 0
0.5584598 0 0 0
0.5744604 0 0 0
0.594459 0 0 0
0.6069597 0 0 0
0.6274712 0 0 0
0.6420139 0 0 0
0.6574646 0 0 0
0.6735194 0 0 0
0.6924726 0 0 0
0.7069621 0 0 0
0.7204648 0 0 0
0.7329633 0 0 0
0.7444596 0 0 0
0.7584704 0 0 0
0.777959 0 0 0
0.7964591 0 0 0
0.8114763 0 0 0
0.822963 0 0 0
0.8359634 0 0 0
0.8484727 0 0 0
0.8644618 0 0 0
0.9094612 0 0 0
0.9284627 0 0 0
0.9569682 0 0 0
0.9699627 0 0 0
0.9829608 0 0 0
0.9984605 0 0 0
1.0179587 0 0 0
1.0314682 0 0 0
1.0454599 0 0 0
1.0569613 0 0 0
1.0694624 0 0 0
1.0829568 0 0 0
1.0989624 0 0 0
1.1169583 0 0 0
1.1319649 0 0 0
1.1439639 0 0 0
1.1584598 0 0 0
1.1710615 0 0 0
1.1889623 0 0 0
1.2024577 0 0 0
1.2174663 0 0 0
1.2344599 0 0 0
1.2529936 0 0 0
1.268482 0 0 0
1.2879598 0 0 0
1.3019614 0 0 0
1.3139598 0 0 0
1.3259572 0 0 0
1.337966 0 0 0
1.3564595 0 0 0
1.3714616 0 0 0
1.3884605 0 0 0
1.4074582 0 0 0
1.4234724 0 0 0
1.4354579 0 0 0
1.4484592 0 0 0
1.4609568 0 0 0
1.4744935 0 0 0
1.4899674 0 0 0
1.505521 0 0 0
1.5209685 0 0 0
1.5334618 0 0 0
1.5459611 0 0 0
1.5579646 0 0 0
1.5699569 0 0 0
1.5819567 0 0 0
1.5969569 0 0 0
1.6089634 0 0 0
1.6229608 0 0 0
1.6344594 0 0 0
1.6479648 0 0 0
1.6614594 0 0 0
1.673958 0 0 0
1.6974609 0 0 0
1.7094882 0 0 0
1.7209561 0 0 0
1.732959 0 0 0
1.7449567 0 0 0
1.760961 0 0 0
1.7764588 0 0 0
1.7889591 0 0 0
1.8009574 0 0 0
1.8149584 0 0 0
1.8284752 0 0 0
1.8419604 0 0 0
1.8554866 0 0 0
1.8674572 0 0 0
1.8794567 0 0 0
1.8964676 0 0 0
1.9104698 0 0 0
1.9244601 0 0 0
1.9359574 0 0 0
1.9509961 0 0 0
1.9669696 0 0 0
1.9844604 0 0 0
1.9994622 0 0 0
2.0149945 0 0 0
2.0274647 0 0 0
2.0404568 0 0 0
2.0524597 0 0 0
2.0674636 0 0 0
2.0894615 0 0 0
2.1014664 0 0 0
2.1164845 0 0 0
2.1324599 0 0 0
2.1454593 0 0 0
2.1579569 0 0 0
2.1734789 0 0 0
2.1874591 0 0 0
2.2024599 0 0 0
2.2155253 0 0 0
2.2274602 0 0 0
2.2399612 0 0 0
2.2564714 0 0 0
2.2739587 0 0 0
2.2909596 0 0 0
2.3039575 0 0 0
2.3184599 0 0 0
2.3349597 0 0 0
2.3519756 0 0 0
2.3644578 0 0 0
2.3804612 0 0 0
2.3959649 0 0 0
2.4094587 0 0 0
2.4249611 0 0 0
2.4379574 0 0 0
2.4515071 0 0 0
2.4659601 0 0 0
2.4839585 0 0 0
2.4989568 0 0 0
2.5159601 0.0451737736046828 0.00635960149656419 0.139861682511925
2.5314741 0.0451737736046828 0.00635960149656419 0.139861682511925
2.5509648 0.0451737736046828 0.00635960149656419 0.139861682511925
2.5654565 0.0451737736046828 0.00635960149656419 0.139861682511925
2.5784572 0.0451737736046828 0.00635960149656419 0.139861682511925
2.5919596 0.0451737736046828 0.00635960149656419 0.139861682511925
2.6099635 0.0451737736046828 0.00635960149656419 0.139861682511925
2.6344589 0.10759259477531 0.0284768650950989 0.340532792202948
2.6469668 0.10759259477531 0.0284768650950989 0.340532792202948
2.6644624 0.10759259477531 0.0284768650950989 0.340532792202948
2.6989978 0.152493337888321 0.0565927702479979 0.5594467300477
2.7179587 0.160142747903917 0.0610026575152215 0.522961073740241
2.7324597 0.160142747903917 0.0610026575152215 0.522961073740241
2.7459603 0.160142747903917 0.0610026575152215 0.522961073740241
2.7619608 0.160142747903917 0.0610026575152215 0.522961073740241
2.8010097 0.160142747903917 0.0610026575152215 0.522961073740241
2.8179658 0.213361365938261 0.107448925066865 0.717551240713354
2.8329595 0.213361365938261 0.107448925066865 0.717551240713354
2.8524692 0.213361365938261 0.107448925066865 0.717551240713354
2.8649743 0.213361365938261 0.107448925066865 0.717551240713354
2.8844641 0.213361365938261 0.107448925066865 0.717551240713354
2.9099604 0.218755329808391 0.112453367587838 0.747955954302903
2.9209608 0.230131577503065 0.121788149486813 0.687146527123805
2.9339564 0.230131577503065 0.121788149486813 0.687146527123805
2.9519971 0.230131577503065 0.121788149486813 0.687146527123805
2.9654575 0.230131577503065 0.121788149486813 0.687146527123805
2.9774699 0.230131577503065 0.121788149486813 0.687146527123805
3.0014571 0.257095611485411 0.152944995327509 0.857412923225279
3.0224693 0.280129908611033 0.173546894567833 0.729713126149173
3.0389709 0.280129908611033 0.173546894567833 0.729713126149173
3.0619746 0.280129908611033 0.173546894567833 0.729713126149173
3.0759705 0.280129908611033 0.173546894567833 0.729713126149173
3.0889669 0.280129908611033 0.173546894567833 0.729713126149173
3.1119724 0.349525019548541 0.230489064151579 0.687146527123805
3.1274687 0.349525019548541 0.230489064151579 0.687146527123805
3.1429674 0.349525019548541 0.230489064151579 0.687146527123805
3.1579821 0.349525019548541 0.230489064151579 0.687146527123805
3.1704661 0.349525019548541 0.230489064151579 0.687146527123805
3.1989676 0.381542230677332 0.270834119105766 0.899979522250647
3.2119658 0.412254626844827 0.298303318092864 0.729713126149173
3.2259682 0.412254626844827 0.298303318092864 0.729713126149173
3.2425189 0.412254626844827 0.298303318092864 0.729713126149173
3.2614706 0.412254626844827 0.298303318092864 0.729713126149173
3.2839671 0.468034325895747 0.35068967994021 0.754036897020812
3.2969704 0.468034325895747 0.35068967994021 0.754036897020812
3.3119829 0.468034325895747 0.35068967994021 0.754036897020812
3.3275744 0.468034325895747 0.35068967994021 0.754036897020812
3.3404703 0.468034325895747 0.35068967994021 0.754036897020812
3.3564724 0.468034325895747 0.35068967994021 0.754036897020812
3.3689868 0.468034325895747 0.35068967994021 0.754036897020812
3.3850047 0.468034325895747 0.35068967994021 0.754036897020812
3.3989658 0.468034325895747 0.35068967994021 0.754036897020812
3.4139685 0.515785050428505 0.400725827624505 0.808765381482
3.429967 0.515785050428505 0.400725827624505 0.808765381482
3.4484683 0.515785050428505 0.400725827624505 0.808765381482
3.4644703 0.515785050428505 0.400725827624505 0.808765381482
3.483482 0.515785050428505 0.400725827624505 0.808765381482
3.5029659 0.562519802098864 0.449697376421899 0.808765381482
3.5164703 0.562519802098864 0.449697376421899 0.808765381482
3.532468 0.562519802098864 0.449697376421899 0.808765381482
3.5504812 0.562519802098864 0.449697376421899 0.808765381482
3.5644775 0.562519802098864 0.449697376421899 0.808765381482
3.5844664 0.562519802098864 0.449697376421899 0.808765381482
3.5994676 0.562519802098864 0.449697376421899 0.808765381482
3.6229892 0.607357063715476 0.498430348382794 0.82700820963573
3.6359674 0.607357063715476 0.498430348382794 0.82700820963573
3.6489684 0.607357063715476 0.498430348382794 0.82700820963573
3.662968 0.607357063715476 0.498430348382794 0.82700820963573
3.6834717 0.607357063715476 0.498430348382794 0.82700820963573
3.7009683 0.607357063715476 0.498430348382794 0.82700820963573
3.7265116 0.677103915119095 0.574237193655296 0.82700820963573
3.7394688 0.677103915119095 0.574237193655296 0.82700820963573
3.7529681 0.677103915119095 0.574237193655296 0.82700820963573
3.7659665 0.677103915119095 0.574237193655296 0.82700820963573
3.7789678 0.677103915119095 0.574237193655296 0.82700820963573
3.7929663 0.677103915119095 0.574237193655296 0.82700820963573
3.8199663 0.71437198005995 0.6118891815209 0.790522553328271
3.8349666 0.71437198005995 0.6118891815209 0.790522553328271
3.8524675 0.71437198005995 0.6118891815209 0.790522553328271
3.8669709 0.71437198005995 0.6118891815209 0.790522553328271
3.8890262 0.71437198005995 0.6118891815209 0.790522553328271
3.9259727 0.758058813143112 0.657666933657595 0.808765381482
3.9434689 0.758058813143112 0.657666933657595 0.808765381482
3.957467 0.758058813143112 0.657666933657595 0.808765381482
3.9704664 0.758058813143112 0.657666933657595 0.808765381482
3.9849676 0.758058813143112 0.657666933657595 0.808765381482
4.0039657 0.825895435536423 0.733221412507 0.839170095071549
4.0204798 0.825895435536423 0.733221412507 0.839170095071549
4.0354748 0.825895435536423 0.733221412507 0.839170095071549
4.0484708 0.825895435536423 0.733221412507 0.839170095071549
4.0619991 0.825895435536423 0.733221412507 0.839170095071549
4.0749665 0.825895435536423 0.733221412507 0.839170095071549
4.0964719 0.89471519738471 0.809870883803497 0.839170095071549
4.108969 0.89471519738471 0.809870883803497 0.839170095071549
4.1274765 0.89471519738471 0.809870883803497 0.839170095071549
4.14697 0.89471519738471 0.809870883803497 0.839170095071549
4.1594935 0.89471519738471 0.809870883803497 0.839170095071549
4.1804693 0.89471519738471 0.809870883803497 0.839170095071549
4.1929881 0.89471519738471 0.809870883803497 0.839170095071549
4.2079742 0.89471519738471 0.809870883803497 0.839170095071549
4.2269777 0.939323692907697 0.860786811885792 0.851331980507369
4.2439693 0.939323692907697 0.860786811885792 0.851331980507369
4.2645102 0.939323692907697 0.860786811885792 0.851331980507369
4.2814738 0.939323692907697 0.860786811885792 0.851331980507369
4.2985053 0.939323692907697 0.860786811885792 0.851331980507369
4.3194661 0.990784601121013 0.923257838437294 0.881736694096918
4.3334657 0.990784601121013 0.923257838437294 0.881736694096918
4.3499742 0.990784601121013 0.923257838437294 0.881736694096918
4.3659667 0.990784601121013 0.923257838437294 0.881736694096918
4.3834685 0.990784601121013 0.923257838437294 0.881736694096918
4.3999658 0.990784601121013 0.923257838437294 0.881736694096918
4.421467 1.05066638522378 0.995951396606314 0.881736694096918
4.4344804 1.05066638522378 0.995951396606314 0.881736694096918
4.4499667 1.05066638522378 0.995951396606314 0.881736694096918
4.46247 1.05066638522378 0.995951396606314 0.881736694096918
4.4769696 1.05066638522378 0.995951396606314 0.881736694096918
4.4955078 1.05066638522378 0.995951396606314 0.881736694096918
4.509973 1.09054107004428 1.04317509718118 0.869574808661098
4.5224808 1.09054107004428 1.04317509718118 0.869574808661098
4.535971 1.09054107004428 1.04317509718118 0.869574808661098
4.5510143 1.09054107004428 1.04317509718118 0.869574808661098
4.5639717 1.09054107004428 1.04317509718118 0.869574808661098
4.5789715 1.09054107004428 1.04317509718118 0.869574808661098
4.5924678 1.09054107004428 1.04317509718118 0.869574808661098
4.6129821 1.13548326505015 1.09574834966325 0.863493865943188
4.6264691 1.13548326505015 1.09574834966325 0.863493865943188
4.6424672 1.13548326505015 1.09574834966325 0.863493865943188
4.654995 1.13548326505015 1.09574834966325 0.863493865943188
4.6674811 1.13548326505015 1.09574834966325 0.863493865943188
4.6824692 1.13548326505015 1.09574834966325 0.863493865943188
4.6954691 1.13548326505015 1.09574834966325 0.863493865943188
4.7254658 1.15904742170125 1.13821054514388 1.06416497563421
4.7429773 1.18264894748615 1.16832523282412 0.906060464968557
4.7565343 1.18264894748615 1.16832523282412 0.906060464968557
4.7694689 1.18264894748615 1.16832523282412 0.906060464968557
4.7839673 1.18264894748615 1.16832523282412 0.906060464968557
4.7974696 1.18264894748615 1.16832523282412 0.906060464968557
4.8259721 1.21840588335743 1.2169232520832 0.936465178558106
4.8439673 1.21840588335743 1.2169232520832 0.936465178558106
4.8594763 1.21840588335743 1.2169232520832 0.936465178558106
4.8784683 1.21840588335743 1.2169232520832 0.936465178558106
4.8919681 1.21840588335743 1.2169232520832 0.936465178558106
4.9284659 1.25549937307497 1.26999508764029 0.960788949429745
4.9459704 1.25549937307497 1.26999508764029 0.960788949429745
4.9614683 1.25549937307497 1.26999508764029 0.960788949429745
4.9779685 1.25549937307497 1.26999508764029 0.960788949429745
4.9909771 1.25549937307497 1.26999508764029 0.960788949429745
5.0124711 1.28803731605316 1.31904808858966 0.985112720301384
5.0269781 1.28803731605316 1.31904808858966 0.985112720301384
5.0479723 1.28803731605316 1.31904808858966 0.985112720301384
5.0655122 1.28803731605316 1.31904808858966 0.985112720301384
5.0839679 1.28803731605316 1.31904808858966 0.985112720301384
5.0964777 1.28803731605316 1.31904808858966 0.985112720301384
5.1109682 1.28803731605316 1.31904808858966 0.985112720301384
5.128973 1.32362974314409 1.37489127724499 1.00335554845511
5.145113 1.32362974314409 1.37489127724499 1.00335554845511
5.1594713 1.32362974314409 1.37489127724499 1.00335554845511
5.1774748 1.32362974314409 1.37489127724499 1.00335554845511
5.201467 1.3515582656554 1.41990881255073 1.01551743389093
5.2169706 1.3515582656554 1.41990881255073 1.01551743389093
5.2324762 1.3515582656554 1.41990881255073 1.01551743389093
5.2479733 1.3515582656554 1.41990881255073 1.01551743389093
5.2659676 1.3515582656554 1.41990881255073 1.01551743389093
5.2834705 1.3515582656554 1.41990881255073 1.01551743389093
5.3004661 1.3515582656554 1.41990881255073 1.01551743389093
5.3220244 1.37889199797179 1.45268247320808 0.875655751379008
5.334469 1.37889199797179 1.45268247320808 0.875655751379008
5.352968 1.37889199797179 1.45268247320808 0.875655751379008
5.3664662 1.37889199797179 1.45268247320808 0.875655751379008
5.3854659 1.37889199797179 1.45268247320808 0.875655751379008
5.4174697 1.41415836582528 1.4816202970949 0.687146527123805
5.4349706 1.41415836582528 1.4816202970949 0.687146527123805
5.451469 1.41415836582528 1.4816202970949 0.687146527123805
5.4639674 1.41415836582528 1.4816202970949 0.687146527123805
5.4769688 1.41415836582528 1.4816202970949 0.687146527123805
5.4904715 1.41415836582528 1.4816202970949 0.687146527123805
5.5154836 1.46367770192429 1.51609001265975 0.608094271790977
5.5279671 1.46367770192429 1.51609001265975 0.608094271790977
5.5454685 1.46367770192429 1.51609001265975 0.608094271790977
5.5584662 1.46367770192429 1.51609001265975 0.608094271790977
5.5734704 1.46367770192429 1.51609001265975 0.608094271790977
5.5944682 1.52093688505909 1.57119167206977 0.766198782456632
5.6109693 1.52093688505909 1.57119167206977 0.766198782456632
5.6249666 1.52093688505909 1.57119167206977 0.766198782456632
5.6389659 1.52093688505909 1.57119167206977 0.766198782456632
5.6514707 1.52093688505909 1.57119167206977 0.766198782456632
5.6639675 1.52093688505909 1.57119167206977 0.766198782456632
5.6779743 1.52093688505909 1.57119167206977 0.766198782456632
5.6919684 1.52093688505909 1.57119167206977 0.766198782456632
5.7044651 1.52093688505909 1.57119167206977 0.766198782456632
5.7359941 1.58353196394668 1.64352006419995 0.857412923225278
5.7504746 1.58353196394668 1.64352006419995 0.857412923225278
5.7629659 1.58353196394668 1.64352006419995 0.857412923225278
5.7759662 1.58353196394668 1.64352006419995 0.857412923225278
5.7979684 1.63536062560687 1.71133431676846 0.918222350404376
5.8119802 1.63536062560687 1.71133431676846 0.918222350404376
5.8265681 1.63536062560687 1.71133431676846 0.918222350404376
5.8434714 1.63536062560687 1.71133431676846 0.918222350404376
5.8559682 1.63536062560687 1.71133431676846 0.918222350404376
5.8684677 1.63536062560687 1.71133431676846 0.918222350404376
5.8819688 1.63536062560687 1.71133431676846 0.918222350404376
5.8959674 1.63536062560687 1.71133431676846 0.918222350404376
5.9214711 1.68144913078216 1.76869091018637 0.893898579532737
5.9339662 1.68144913078216 1.76869091018637 0.893898579532737
5.9509688 1.68144913078216 1.76869091018637 0.893898579532737
5.9655067 1.68144913078216 1.76869091018637 0.893898579532737
5.9799689 1.68144913078216 1.76869091018637 0.893898579532737
6.0004698 1.73122471637147 1.83063603107771 0.893898579532737
6.0149686 1.73122471637147 1.83063603107771 0.893898579532737
6.0309699 1.73122471637147 1.83063603107771 0.893898579532737
6.0474715 1.73122471637147 1.83063603107771 0.893898579532737
6.062969 1.73122471637147 1.83063603107771 0.893898579532737
6.083968 1.73122471637147 1.83063603107771 0.893898579532737
6.0999677 1.73122471637147 1.83063603107771 0.893898579532737
6.1164699 1.73122471637147 1.83063603107771 0.893898579532737
6.1324772 1.77153382216556 1.88684033481478 0.948627063993925
6.1499681 1.77153382216556 1.88684033481478 0.948627063993925
6.1674674 1.77153382216556 1.88684033481478 0.948627063993925
6.1939735 1.81952814920424 1.93246737896101 0.760117839738722
6.20947 1.81952814920424 1.93246737896101 0.760117839738722
6.2224681 1.81952814920424 1.93246737896101 0.760117839738722
6.2374701 1.81952814920424 1.93246737896101 0.760117839738722
6.2509656 1.81952814920424 1.93246737896101 0.760117839738722
6.263465 1.81952814920424 1.93246737896101 0.760117839738722
6.2789785 1.81952814920424 1.93246737896101 0.760117839738722
6.2934661 1.81952814920424 1.93246737896101 0.760117839738722
6.3209996 1.84239550664427 1.94583634217348 0.529042016458151
6.3389705 1.84239550664427 1.94583634217348 0.529042016458151
6.3534661 1.84239550664427 1.94583634217348 0.529042016458151
6.3684685 1.84239550664427 1.94583634217348 0.529042016458151
6.3824661 1.84239550664427 1.94583634217348 0.529042016458151
6.3949659 1.84239550664427 1.94583634217348 0.529042016458151
6.4179674 1.88930493545697 1.96710441110764 0.425665990253684
6.4344732 1.88930493545697 1.96710441110764 0.425665990253684
6.4489688 1.88930493545697 1.96710441110764 0.425665990253684
6.461468 1.88930493545697 1.96710441110764 0.425665990253684
6.4769664 1.88930493545697 1.96710441110764 0.425665990253684
6.4905287 1.88930493545697 1.96710441110764 0.425665990253684
6.5194731 1.93889186313119 1.97377804788997 0.133780739794015
6.5404771 1.93889186313119 1.97377804788997 0.133780739794015
6.5569681 1.93889186313119 1.97377804788997 0.133780739794015
6.5759695 1.93889186313119 1.97377804788997 0.133780739794015
6.5915021 1.96243727333494 1.97377804788997 -2.77555756156289E-17
6.6119657 1.96243727333494 1.97377804788997 -2.77555756156289E-17
6.6269722 1.96243727333494 1.97377804788997 -2.77555756156289E-17
6.6419686 1.96243727333494 1.97377804788997 -2.77555756156289E-17
6.6599681 1.96243727333494 1.97377804788997 -2.77555756156289E-17
6.6769686 1.96243727333494 1.97377804788997 -2.77555756156289E-17
6.6899683 1.96243727333494 1.97377804788997 -2.77555756156289E-17
6.7059761 1.96243727333494 1.97377804788997 -2.77555756156289E-17
6.718468 1.98319833137917 1.9662792420193 -0.346613734920857
6.7314861 1.98319833137917 1.9662792420193 -0.346613734920857
6.7474754 1.98319833137917 1.9662792420193 -0.346613734920857
6.7634695 1.98319833137917 1.9662792420193 -0.346613734920857
6.7774787 1.98319833137917 1.9662792420193 -0.346613734920857
6.7904678 1.98319833137917 1.9662792420193 -0.346613734920857
6.8039686 1.98319833137917 1.9662792420193 -0.346613734920857
6.8199716 2.02472044746763 1.95128163027795 -0.346613734920857
6.8374677 2.02472044746763 1.95128163027795 -0.346613734920857
6.8499753 2.02472044746763 1.95128163027795 -0.346613734920857
6.8679677 2.02472044746763 1.95128163027795 -0.346613734920857
6.8854708 2.02472044746763 1.95128163027795 -0.346613734920857
6.8989909 2.02472044746763 1.95128163027795 -0.346613734920857
6.9219772 2.07199209478042 1.94015963027575 -0.231075823280572
6.9354847 2.07199209478042 1.94015963027575 -0.231075823280572
6.9514683 2.07199209478042 1.94015963027575 -0.231075823280572
6.9669694 2.07199209478042 1.94015963027575 -0.231075823280572
6.9834687 2.07199209478042 1.94015963027575 -0.231075823280572
6.9999659 2.10264381375196 1.93622399557858 -0.127699797076105
7.0164701 2.10264381375196 1.93622399557858 -0.127699797076105
7.0334663 2.10264381375196 1.93622399557858 -0.127699797076105
7.0489688 2.10264381375196 1.93622399557858 -0.127699797076105
7.0674722 2.10264381375196 1.93622399557858 -0.127699797076105
7.0854739 2.10264381375196 1.93622399557858 -0.127699797076105
7.1009757 2.07909883887637 1.93636717298689 -0.00608094271790982
7.1149714 2.07909883887637 1.93636717298689 -0.00608094271790982
7.1279657 2.07909883887637 1.93636717298689 -0.00608094271790982
7.1419726 2.07909883887637 1.93636717298689 -0.00608094271790982
7.154467 2.07909883887637 1.93636717298689 -0.00608094271790982
7.1674678 2.07909883887637 1.93636717298689 -0.00608094271790982
7.1864822 2.07909883887637 1.93636717298689 -0.00608094271790982
7.2029683 2.07909883887637 1.93636717298689 -0.00608094271790982
7.2244855 2.06733679773672 1.93586620028805 0.0425665990253684
7.2379689 2.06733679773672 1.93586620028805 0.0425665990253684
7.2514737 2.06733679773672 1.93586620028805 0.0425665990253684
7.2649717 2.06733679773672 1.93586620028805 0.0425665990253684
7.2774657 2.06733679773672 1.93586620028805 0.0425665990253684
7.2914738 2.06733679773672 1.93586620028805 0.0425665990253684
7.3174679 2.06733679773672 1.93586620028805 0.200671109691023
7.3314707 2.06733679773672 1.93586620028805 0.200671109691023
7.3444884 2.06733679773672 1.93586620028805 0.200671109691023
7.3574865 2.06733679773672 1.93586620028805 0.200671109691023
7.3709704 2.06733679773672 1.93586620028805 0.200671109691023
7.3839683 2.06733679773672 1.93586620028805 0.200671109691023
7.396969 2.06733679773672 1.93586620028805 0.200671109691023
7.4154692 2.05589361192215 1.9331003217967 0.237156765998481
7.4279669 2.05589361192215 1.9331003217967 0.237156765998481
7.4434692 2.05589361192215 1.9331003217967 0.237156765998481
7.4559664 2.05589361192215 1.9331003217967 0.237156765998481
7.4744764 2.05589361192215 1.9331003217967 0.237156765998481
7.4924829 2.05589361192215 1.9331003217967 0.237156765998481
7.5209928 2.04736421377416 1.93081779106759 0.26148053687012
7.5359731 2.04736421377416 1.93081779106759 0.26148053687012
7.5484665 2.04736421377416 1.93081779106759 0.26148053687012
7.5614699 2.04736421377416 1.93081779106759 0.26148053687012
7.5785142 2.04736421377416 1.93081779106759 0.26148053687012
7.5909656 2.05741948309279 1.93305488061402 0.218913937844752
7.6079787 2.05741948309279 1.93305488061402 0.218913937844752
7.62198 2.05741948309279 1.93305488061402 0.218913937844752
7.6354703 2.05741948309279 1.93305488061402 0.218913937844752
7.6489694 2.05741948309279 1.93305488061402 0.218913937844752
7.6619678 2.05741948309279 1.93305488061402 0.218913937844752
7.6794694 2.05741948309279 1.93305488061402 0.218913937844752
7.691965 2.05741948309279 1.93305488061402 0.218913937844752
7.7125253 2.05741948309279 1.93305488061402 0.218913937844752
7.7274685 2.0661024952332 1.93465671689337 0.182428281537293
7.7450219 2.0661024952332 1.93465671689337 0.182428281537293
7.760971 2.0661024952332 1.93465671689337 0.182428281537293
7.7765726 2.0661024952332 1.93465671689337 0.182428281537293
7.7894814 2.0661024952332 1.93465671689337 0.182428281537293
7.8034693 2.0661024952332 1.93465671689337 0.182428281537293
7.8184672 2.06177632177283 1.93377673506689 0.200671109691023
7.8324697 2.06177632177283 1.93377673506689 0.200671109691023
7.8484698 2.06177632177283 1.93377673506689 0.200671109691023
7.8669683 2.06177632177283 1.93377673506689 0.200671109691023
7.8819916 2.06177632177283 1.93377673506689 0.200671109691023
7.9109682 2.06177632177283 1.93377673506689 0.200671109691023
7.9234669 2.06322013662629 1.93406128790214 0.194590166973113
7.9369705 2.06322013662629 1.93406128790214 0.194590166973113
7.9519683 2.06322013662629 1.93406128790214 0.194590166973113
7.9694666 2.06322013662629 1.93406128790214 0.194590166973113
7.9854687 2.06322013662629 1.93406128790214 0.194590166973113
8.0059676 2.06322013662629 1.93406128790214 0.194590166973113
8.0184672 2.06322013662629 1.93406128790214 0.194590166973113
8.0374705 2.06322013662629 1.93406128790214 0.194590166973113
8.0534683 2.06322013662629 1.93406128790214 0.194590166973113
8.0704791 2.06322013662629 1.93406128790214 0.194590166973113
8.0869669 2.06322013662629 1.93406128790214 0.194590166973113
8.1120456 2.06466565512407 1.93433705577501 0.188509224255203
8.1269673 2.06466565512407 1.93433705577501 0.188509224255203
8.1419677 2.06466565512407 1.93433705577501 0.188509224255203
8.155995 2.06466565512407 1.93433705577501 0.188509224255203
8.1694677 2.06466565512407 1.93433705577501 0.188509224255203
8.1849669 2.06466565512407 1.93433705577501 0.188509224255203
8.1979658 2.06466565512407 1.93433705577501 0.188509224255203
8.2189805 2.0675631858627 1.93485339113806 0.176347338819384
8.2314705 2.0675631858627 1.93485339113806 0.176347338819384
8.2449779 2.0675631858627 1.93485339113806 0.176347338819384
8.2604696 2.0675631858627 1.93485339113806 0.176347338819384
8.2739717 2.0675631858627 1.93485339113806 0.176347338819384
8.2905493 2.0675631858627 1.93485339113806 0.176347338819384
8.317972 2.0675631858627 1.93485339113806 0.176347338819384
8.3319875 2.0675631858627 1.93485339113806 0.176347338819384
8.3474721 2.0675631858627 1.93485339113806 0.176347338819384
8.3605049 2.0675631858627 1.93485339113806 0.176347338819384
8.3749682 2.0675631858627 1.93485339113806 0.176347338819384
8.3919712 2.0675631858627 1.93485339113806 0.176347338819384
8.416969 2.06901349433919 1.93510274424143 0.170266396101474
8.4309867 2.06901349433919 1.93510274424143 0.170266396101474
8.4449687 2.06901349433919 1.93510274424143 0.170266396101474
8.462488 2.06901349433919 1.93510274424143 0.170266396101474
8.4804672 2.06901349433919 1.93510274424143 0.170266396101474
8.4934657 2.06901349433919 1.93510274424143 0.170266396101474
8.5074706 2.06901349433919 1.93510274424143 0.170266396101474
8.5204686 2.06901349433919 1.93510274424143 0.170266396101474
8.5364659 2.06901349433919 1.93510274424143 0.170266396101474
8.5489655 2.06901349433919 1.93510274424143 0.170266396101474
8.5614654 2.06901349433919 1.93510274424143 0.170266396101474
8.5794688 2.06901349433919 1.93510274424143 0.170266396101474
8.5939675 2.06756472896987 1.9348445765599 0.176347338819384
8.6099976 2.06756472896987 1.9348445765599 0.176347338819384
8.6239781 2.06756472896987 1.9348445765599 0.176347338819384
8.637467 2.06756472896987 1.9348445765599 0.176347338819384
8.6524662 2.06756472896987 1.9348445765599 0.176347338819384
8.6689674 2.06756472896987 1.9348445765599 0.176347338819384
8.6819666 2.06756472896987 1.9348445765599 0.176347338819384
8.6959691 2.06756472896987 1.9348445765599 0.176347338819384
8.7185398 2.06756472896987 1.9348445765599 0.176347338819384
8.7359949 2.06756472896987 1.9348445765599 0.176347338819384
8.7514676 2.06756472896987 1.9348445765599 0.176347338819384
8.7689699 2.06756472896987 1.9348445765599 0.176347338819384
8.7824684 2.06756472896987 1.9348445765599 0.176347338819384
8.7999702 2.06756472896987 1.9348445765599 0.176347338819384
8.8144671 2.06756472896987 1.9348445765599 0.176347338819384
8.8334904 2.06756472896987 1.9348445765599 0.176347338819384
8.8509709 2.06756472896987 1.9348445765599 0.176347338819384
8.869487 2.06756472896987 1.9348445765599 0.176347338819384
8.8864664 2.06756472896987 1.9348445765599 0.176347338819384
8.909052 2.06901503744635 1.93509392966327 0.170266396101474
8.9219707 2.06901503744635 1.93509392966327 0.170266396101474
8.9359683 2.06901503744635 1.93509392966327 0.170266396101474
8.9484655 2.06901503744635 1.93509392966327 0.170266396101474
8.967476 2.06901503744635 1.93509392966327 0.170266396101474
8.9810056 2.06901503744635 1.93509392966327 0.170266396101474
9.0049682 2.06901503744635 1.93509392966327 0.170266396101474
9.0214694 2.06901503744635 1.93509392966327 0.170266396101474
9.0379786 2.06901503744635 1.93509392966327 0.170266396101474
9.0509671 2.06901503744635 1.93509392966327 0.170266396101474
9.0679736 2.06901503744635 1.93509392966327 0.170266396101474
9.0804809 2.06901503744635 1.93509392966327 0.170266396101474
9.0974775 2.06901503744635 1.93509392966327 0.170266396101474
9.1119835 2.06901503744635 1.93509392966327 0.170266396101474
9.1279744 2.06901503744635 1.93509392966327 0.170266396101474
9.1419691 2.06901503744635 1.93509392966327 0.170266396101474
9.1549679 2.06901503744635 1.93509392966327 0.170266396101474
9.1724681 2.06901503744635 1.93509392966327 0.170266396101474
9.1889684 2.06901503744635 1.93509392966327 0.170266396101474
9.2059706 2.06901503744635 1.93509392966327 0.170266396101474
9.2205131 2.06901503744635 1.93509392966327 0.170266396101474
9.2339761 2.06901503744635 1.93509392966327 0.170266396101474
9.2464674 2.06901503744635 1.93509392966327 0.170266396101474
9.2594694 2.06901503744635 1.93509392966327 0.170266396101474
9.2734668 2.06901503744635 1.93509392966327 0.170266396101474
9.2854701 2.06901503744635 1.93509392966327 0.170266396101474
9.2999726 2.06901503744635 1.93509392966327 0.170266396101474
9.3149678 2.07046683540086 1.93533445896797 0.164185453383564
9.3329698 2.07046683540086 1.93533445896797 0.164185453383564
9.3474656 2.07046683540086 1.93533445896797 0.164185453383564
9.3644667 2.07046683540086 1.93533445896797 0.164185453383564
9.3764811 2.07046683540086 1.93533445896797 0.164185453383564
9.389468 2.07046683540086 1.93533445896797 0.164185453383564
9.4149732 2.07046683540086 1.93533445896797 0.164185453383564
9.4314899 2.07046683540086 1.93533445896797 0.164185453383564
9.4459695 2.07046683540086 1.93533445896797 0.164185453383564
9.464473 2.07046683540086 1.93533445896797 0.164185453383564
9.478968 2.07046683540086 1.93533445896797 0.164185453383564
9.5009919 2.07046683540086 1.93533445896797 0.164185453383564
9.5134674 2.07046683540086 1.93533445896797 0.164185453383564
9.5339773 2.07046683540086 1.93533445896797 0.164185453383564
9.5509678 2.07046683540086 1.93533445896797 0.164185453383564
9.5679694 2.07046683540086 1.93533445896797 0.164185453383564
9.5814684 2.07046683540086 1.93533445896797 0.164185453383564
9.6009857 2.07046683540086 1.93533445896797 0.164185453383564
9.618466 2.07046683540086 1.93533445896797 0.164185453383564
9.63647 2.07046683540086 1.93533445896797 0.164185453383564
9.6514693 2.07046683540086 1.93533445896797 0.164185453383564
9.6690083 2.07046683540086 1.93533445896797 0.164185453383564
9.6834669 2.07046683540086 1.93533445896797 0.164185453383564
9.6959672 2.07046683540086 1.93533445896797 0.164185453383564
9.7089681 2.07046683540086 1.93533445896797 0.164185453383564
9.7214668 2.07046683540086 1.93533445896797 0.164185453383564
9.7364817 2.07046683540086 1.93533445896797 0.164185453383564
9.7514775 2.07046683540086 1.93533445896797 0.164185453383564
9.7699667 2.07046683540086 1.93533445896797 0.164185453383564
9.7824683 2.07046683540086 1.93533445896797 0.164185453383564
9.7969737 2.07046683540086 1.93533445896797 0.164185453383564
9.8109681 2.07046683540086 1.93533445896797 0.164185453383564
9.8274683 2.07046683540086 1.93533445896797 0.164185453383564
9.839969 2.07046683540086 1.93533445896797 0.164185453383564
9.8559664 2.07046683540086 1.93533445896797 0.164185453383564
9.8709731 2.07046683540086 1.93533445896797 0.164185453383564
9.9010206 2.07046683540086 1.93533445896797 0.164185453383564
9.9139701 2.07046683540086 1.93533445896797 0.164185453383564
9.9384871 2.07046683540086 1.93533445896797 0.164185453383564
9.9519676 2.07046683540086 1.93533445896797 0.164185453383564
9.9835966 2.07046683540086 1.93533445896797 0.164185453383564
9.9964687 2.07046683540086 1.93533445896797 0.164185453383564
10.0129817 2.07046683540086 1.93533445896797 0.164185453383564
10.0249684 2.07046683540086 1.93533445896797 0.164185453383564
10.0410648 2.07046683540086 1.93533445896797 0.164185453383564
10.0529968 2.07046683540086 1.93533445896797 0.164185453383564
10.0654672 2.07046683540086 1.93533445896797 0.164185453383564
10.0809838 2.07046683540086 1.93533445896797 0.164185453383564
10.0964676 2.07046683540086 1.93533445896797 0.164185453383564
10.1104859 2.07046683540086 1.93533445896797 0.164185453383564
10.1224957 2.07046683540086 1.93533445896797 0.164185453383564
10.135489 2.07046683540086 1.93533445896797 0.164185453383564
10.1489676 2.07046683540086 1.93533445896797 0.164185453383564
10.1609662 2.07046683540086 1.93533445896797 0.164185453383564
10.1769707 2.07046683540086 1.93533445896797 0.164185453383564
10.192976 2.07046683540086 1.93533445896797 0.164185453383564
10.2049702 2.07046683540086 1.93533445896797 0.164185453383564
10.2174657 2.07046683540086 1.93533445896797 0.164185453383564
10.2299851 2.07046683540086 1.93533445896797 0.164185453383564
10.244983 2.07046683540086 1.93533445896797 0.164185453383564
10.2609664 2.07046683540086 1.93533445896797 0.164185453383564
10.2784691 2.07046683540086 1.93533445896797 0.164185453383564
10.2959724 2.07046683540086 1.93533445896797 0.164185453383564
10.310488 2.07046683540086 1.93533445896797 0.164185453383564
10.3224679 2.07046683540086 1.93533445896797 0.164185453383564
10.3354769 2.07046683540086 1.93533445896797 0.164185453383564
10.3474798 2.07046683540086 1.93533445896797 0.164185453383564
10.3644787 2.07046683540086 1.93533445896797 0.164185453383564
10.3779679 2.07046683540086 1.93533445896797 0.164185453383564
10.3915086 2.07046683540086 1.93533445896797 0.164185453383564
10.4059664 2.07046683540086 1.93533445896797 0.164185453383564
10.4189659 2.07046683540086 1.93533445896797 0.164185453383564
10.434966 2.07046683540086 1.93533445896797 0.164185453383564
10.4474658 2.07046683540086 1.93533445896797 0.164185453383564
10.4649808 2.07046683540086 1.93533445896797 0.164185453383564
10.4804681 2.07046683540086 1.93533445896797 0.164185453383564
10.5034683 2.07046683540086 1.93533445896797 0.164185453383564
10.5184705 2.07046683540086 1.93533445896797 0.164185453383564
10.5374771 2.07046683540086 1.93533445896797 0.164185453383564
10.5529668 2.07046683540086 1.93533445896797 0.164185453383564
10.573468 2.07046683540086 1.93533445896797 0.164185453383564
10.5899691 2.07046683540086 1.93533445896797 0.164185453383564
10.6044689 2.07046683540086 1.93533445896797 0.164185453383564
10.6194725 2.07046683540086 1.93533445896797 0.164185453383564
10.638482 2.07046683540086 1.93533445896797 0.164185453383564
10.6544781 2.07046683540086 1.93533445896797 0.164185453383564
10.6719719 2.07046683540086 1.93533445896797 0.164185453383564
10.6844682 2.07046683540086 1.93533445896797 0.164185453383564
10.6959699 2.07046683540086 1.93533445896797 0.164185453383564
10.7085615 2.07046683540086 1.93533445896797 0.164185453383564
10.7204828 2.07046683540086 1.93533445896797 0.164185453383564
10.7364819 2.07046683540086 1.93533445896797 0.164185453383564
10.748473 2.07046683540086 1.93533445896797 0.164185453383564
10.7639702 2.07046683540086 1.93533445896797 0.164185453383564
10.775972 2.07046683540086 1.93533445896797 0.164185453383564
10.7899684 2.07046683540086 1.93533445896797 0.164185453383564
10.8039664 2.07046683540086 1.93533445896797 0.164185453383564
10.8159819 2.07046683540086 1.93533445896797 0.164185453383564
10.8319946 2.07046683540086 1.93533445896797 0.164185453383564
10.8444872 2.07046683540086 1.93533445896797 0.164185453383564
10.8619884 2.07046683540086 1.93533445896797 0.164185453383564
10.8759732 2.07046683540086 1.93533445896797 0.164185453383564
10.8959736 2.07046683540086 1.93533445896797 0.164185453383564
10.9099703 2.07046683540086 1.93533445896797 0.164185453383564
10.9254719 2.07046683540086 1.93533445896797 0.164185453383564
10.9389758 2.07046683540086 1.93533445896797 0.164185453383564
10.951966 2.07046683540086 1.93533445896797 0.164185453383564
10.9649703 2.07046683540086 1.93533445896797 0.164185453383564
10.9829706 2.07046683540086 1.93533445896797 0.164185453383564
11.0024725 2.07046683540086 1.93533445896797 0.164185453383564
11.0144672 2.07046683540086 1.93533445896797 0.164185453383564
11.029469 2.07046683540086 1.93533445896797 0.164185453383564
11.0419694 2.07046683540086 1.93533445896797 0.164185453383564
11.0539778 2.07046683540086 1.93533445896797 0.164185453383564
11.0664706 2.07046683540086 1.93533445896797 0.164185453383564
11.0804872 2.07046683540086 1.93533445896797 0.164185453383564
11.1039705 2.07046683540086 1.93533445896797 0.164185453383564
11.1170032 2.07046683540086 1.93533445896797 0.164185453383564
11.1309713 2.07046683540086 1.93533445896797 0.164185453383564
11.1449684 2.07046683540086 1.93533445896797 0.164185453383564
11.1579685 2.07046683540086 1.93533445896797 0.164185453383564
11.169467 2.07046683540086 1.93533445896797 0.164185453383564
11.1849671 2.07046683540086 1.93533445896797 0.164185453383564
11.1974726 2.07046683540086 1.93533445896797 0.164185453383564
11.2139757 2.07046683540086 1.93533445896797 0.164185453383564
11.2299683 2.07046683540086 1.93533445896797 0.164185453383564
11.2449689 2.07046683540086 1.93533445896797 0.164185453383564
11.2579677 2.07046683540086 1.93533445896797 0.164185453383564
11.2719803 2.07046683540086 1.93533445896797 0.164185453383564
11.2864803 2.07046683540086 1.93533445896797 0.164185453383564
