0.0120066 0 0 0 0 0 0
0.0259719 0 0 0 0 0 0
0.0399713 0 0 0 0 0 0
0.0579867 0 0 0 0 0 0
0.0759887 0 0 0 0 0 0
0.1109692 0 0 0 0 0 0
0.1439738 0 0 0 0 0 0
0.1639716 0 0 0 0 0 0
0.1779735 0 0 0 0 0 0
0.193983 0 0 0 0 0 0
0.2109761 0 0 0 0 0 0
0.2299865 0 0 0 0 0 0
0.2470411 0 0 0 0 0 0
0.2619716 0 0 0 0 0 0
0.2819741 0 0 0 0 0 0
0.3499782 0 0 0 0 0 0
0.3839771 0 0 0 0 0 0
0.3979709 0 0 0 0 0 0
0.4169822 0 0 0 0 0 0
0.4310006 0 0 0 0 0 0
0.4459711 0 0 0 0 0 0
0.4639758 0 0 0 0 0 0
0.4791442 0 0 0 0 0 0
0.522978 0 0 0 0 0 0
0.5639785 0 0 0 0 0 0
0.5809788 0 0 0 0 0 0
0.5990316 0 0 0 0 0 0
0.614324 0 0 0 0 0 0
0.6319956 0 0 0 0 0 0
0.6489832 0 0 0 0 0 0
0.6659735 0 0 0 0 0 0
0.7049823 0 0 0 0 0 0
0.7389973 0 0 0 0 0 0
0.7579747 0 0 0 0 0 0
0.7979753 0 0 0 0 0 0
0.8119838 0 0 0 0 0 0
0.8260114 0 0 0 0 0 0
0.8411319 0 0 0 0 0 0
0.8559774 0 0 0 0 0 0
0.8779739 0 0 0 0 0 0
1.117978 0 0 0 0 0 0
1.1339718 0 0 0 0 0 0
1.1469692 0 0 0 0 0 0
1.1639726 0 0 0 0 0 0
1.1789962 0 0 0 0 0 0
1.1959961 0 0 0 0 0 0
1.2109741 0 0 0 0 0 0
1.3789716 0 0 0 2 2 0
1.4279762 0 0 0 2 2 0
1.4459766 0 0 0 2 2 0
1.4789749 0 0 0 2 2 0
1.5299724 0.00294295861340517 3.57936902816254E-05 0.0121618854358196 2 2 0
1.5859709 0.00294295861340517 3.57936902816254E-05 0.0121618854358196 2 2 0
1.6649719 0.0147078286536491 0.000465233269087215 0.0364856563074587 2 2 0
1.7309755 0.0322612068137534 0.00239428286763037 0.109456968922376 2 2 0
1.8277916 0.0395961686341018 0.00297533903705847 0.0790522553328271 2 2 0
1.8749897 0.0731402667666613 0.00748985803686886 0.133780739794015 2 2 0
1.9159738 0.109191712269695 0.0148230399241344 0.200671109691023 2 2 0
1.9939845 0.109191712269695 0.0148230399241344 0.200671109691023 2 2 0
2.0239748 0.131699606779438 0.0217354220316983 0.297966193177579 2 2 0
2.0579889 0.143108308847193 0.0246402632571145 0.249318651434301 2 2 0
2.081974 0.175402385780979 0.0347733771083035 0.304047135895489 2 2 0
2.110983 0.175402385780979 0.0347733771083035 0.304047135895489 2 2 0
2.1339761 0.175402385780979 0.0347733771083035 0.304047135895489 2 2 0
2.1839732 0.175402385780979 0.0347733771083035 0.304047135895489 2 2 0
2.2029714 0.20302248533791 0.04493992811212 0.352694677638767 2 2 0
2.2159866 0.20302248533791 0.04493992811212 0.352694677638767 2 2 0
2.2319708 0.20302248533791 0.04493992811212 0.352694677638767 2 2 0
2.2479717 0.20302248533791 0.04493992811212 0.352694677638767 2 2 0
2.2659866 0.20302248533791 0.04493992811212 0.352694677638767 2 2 0
2.2999718 0.22997369280984 0.0567662155537864 0.413504104817865 2 2 0
2.3339703 0.22997369280984 0.0567662155537864 0.413504104817865 2 2 0
2.3979891 0.22997369280984 0.0567662155537864 0.413504104817865 2 2 0
2.4239729 0.258774647722062 0.0715527524488893 0.474313531996963 2 2 0
2.4399713 0.258774647722062 0.0715527524488893 0.474313531996963 2 2 0
2.4570083 0.258774647722062 0.0715527524488893 0.474313531996963 2 2 0
2.4699695 0.258774647722062 0.0715527524488893 0.474313531996963 2 2 0
2.4879745 0.258774647722062 0.0715527524488893 0.474313531996963 2 2 0
2.5610412 0.287994048895441 0.0886353165537171 0.529042016458151 2 2 0
2.5929824 0.308172774024926 0.103422786187374 0.632418042662617 2 2 0
2.6089739 0.317995805957964 0.109911594171758 0.583770500919339 2 2 0
2.6289791 0.317995805957964 0.109911594171758 0.583770500919339 2 2 0
2.6439713 0.317995805957964 0.109911594171758 0.583770500919339 2 2 0
2.6599821 0.317995805957964 0.109911594171758 0.583770500919339 2 2 0
2.6779735 0.317995805957964 0.109911594171758 0.583770500919339 2 2 0
2.7499694 0.350186592883093 0.133202256847847 0.626337099944707 2 2 0
2.7909778 0.350186592883093 0.133202256847847 0.626337099944707 2 2 0
2.8071843 0.37932351132163 0.155663829886171 0.656741813534256 2 2 0
2.8240286 0.37932351132163 0.155663829886171 0.656741813534256 2 2 0
2.8409802 0.37932351132163 0.155663829886171 0.656741813534256 2 2 0
2.8609816 0.37932351132163 0.155663829886171 0.656741813534256 2 2 0
2.8839706 0.410343628034033 0.180492323394624 0.674984641687985 2 2 0
2.9069818 0.410343628034033 0.180492323394624 0.674984641687985 2 2 0
2.9319773 0.410343628034033 0.180492323394624 0.674984641687985 2 2 0
2.9489695 0.410343628034033 0.180492323394624 0.674984641687985 2 2 0
2.9639712 0.410343628034033 0.180492323394624 0.674984641687985 2 2 0
2.9829809 0.410343628034033 0.180492323394624 0.674984641687985 2 2 0
3.014971 0.447108210804288 0.20991868607131 0.674984641687985 2 2 0
3.0299762 0.447108210804288 0.20991868607131 0.674984641687985 2 2 0
3.0470156 0.447108210804288 0.20991868607131 0.674984641687985 2 2 0
3.0629741 0.447108210804288 0.20991868607131 0.674984641687985 2 2 0
3.0809745 0.447108210804288 0.20991868607131 0.674984641687985 2 2 0
3.100971 0.485787452966178 0.241656944527825 0.687146527123805 2 2 0
3.1239827 0.485787452966178 0.241656944527825 0.687146527123805 2 2 0
3.178988 0.485787452966178 0.241656944527825 0.687146527123805 2 2 0
3.2009704 0.527668764681132 0.276450957144107 0.693227469841715 2 2 0
3.2179689 0.527668764681132 0.276450957144107 0.693227469841715 2 2 0
3.2349694 0.527668764681132 0.276450957144107 0.693227469841715 2 2 0
3.2499725 0.527668764681132 0.276450957144107 0.693227469841715 2 2 0
3.2679695 0.527668764681132 0.276450957144107 0.693227469841715 2 2 0
3.2979834 0.57384247521086 0.315287980649074 0.699308412559624 2 2 0
3.3270133 0.57384247521086 0.315287980649074 0.699308412559624 2 2 0
3.3990126 0.57384247521086 0.315287980649074 0.699308412559624 2 2 0
3.4189738 0.622019982052537 0.356313214469797 0.705389355277534 2 2 0
3.4349859 0.622019982052537 0.356313214469797 0.705389355277534 2 2 0
3.4509981 0.622019982052537 0.356313214469797 0.705389355277534 2 2 0
3.477041 0.622019982052537 0.356313214469797 0.705389355277534 2 2 0
3.4939921 0.672176297146677 0.399552393943917 0.711470297995444 2 2 0
3.5309714 0.672176297146677 0.399552393943917 0.711470297995444 2 2 0
3.5729951 0.672176297146677 0.399552393943917 0.711470297995444 2 2 0
3.5969717 0.69448054490817 0.425010357985064 0.851331980507369 2 2 0
3.6119691 0.718872411507245 0.4462982306129 0.717551240713354 2 2 0
3.6289754 0.718872411507245 0.4462982306129 0.717551240713354 2 2 0
3.6439716 0.718872411507245 0.4462982306129 0.717551240713354 2 2 0
3.6609916 0.718872411507245 0.4462982306129 0.717551240713354 2 2 0
3.6799687 0.718872411507245 0.4462982306129 0.717551240713354 2 2 0
3.7319762 0.767134748341881 0.489464114735484 0.729713126149173 2 2 0
3.7479737 0.767134748341881 0.489464114735484 0.729713126149173 2 2 0
3.8019741 0.812698832075392 0.53122513315033 0.741875011584993 2 2 0
3.821981 0.812698832075392 0.53122513315033 0.741875011584993 2 2 0
3.8409749 0.812698832075392 0.53122513315033 0.741875011584993 2 2 0
3.8559782 0.812698832075392 0.53122513315033 0.741875011584993 2 2 0
3.8890029 0.855606292883791 0.571522334571366 0.754036897020812 2 2 0
3.9079737 0.855606292883791 0.571522334571366 0.754036897020812 2 2 0
3.9289798 0.855606292883791 0.571522334571366 0.754036897020812 2 2 0
3.9530455 0.855606292883791 0.571522334571366 0.754036897020812 2 2 0
3.9669685 0.855606292883791 0.571522334571366 0.754036897020812 2 2 0
3.9819695 0.855606292883791 0.571522334571366 0.754036897020812 2 2 0
4.0089707 0.89460912789812 0.60951505026467 0.772279725174542 2 2 0
4.0231042 0.89460912789812 0.60951505026467 0.772279725174542 2 2 0
4.036972 0.89460912789812 0.60951505026467 0.772279725174542 2 2 0
4.0509703 0.89460912789812 0.60951505026467 0.772279725174542 2 2 0
4.0679703 0.89460912789812 0.60951505026467 0.772279725174542 2 2 0
4.0829889 0.89460912789812 0.60951505026467 0.772279725174542 2 2 0
4.142969 0.930022332294363 0.644860570185313 0.784441610610361 2 2 0
4.1659718 0.930022332294363 0.644860570185313 0.784441610610361 2 2 0
4.1920225 0.930022332294363 0.644860570185313 0.784441610610361 2 2 0
4.2059741 0.965003060146599 0.680634156851991 0.796603496046181 2 2 0
4.2199789 0.965003060146599 0.680634156851991 0.796603496046181 2 2 0
4.2400385 0.965003060146599 0.680634156851991 0.796603496046181 2 2 0
4.2539744 0.965003060146599 0.680634156851991 0.796603496046181 2 2 0
4.2700134 0.965003060146599 0.680634156851991 0.796603496046181 2 2 0
4.3009746 0.965003060146599 0.680634156851991 0.796603496046181 2 2 0
4.3459979 1.00157808319297 0.718959716780387 0.808765381482 2 2 0
4.3799743 1.01766284025992 0.740005519301647 0.918222350404376 2 2 0
4.3949694 1.03595035178311 0.759168299265845 0.808765381482 2 2 0
4.4099769 1.03595035178311 0.759168299265845 0.808765381482 2 2 0
4.4229718 1.03595035178311 0.759168299265845 0.808765381482 2 2 0
4.4419736 1.03595035178311 0.759168299265845 0.808765381482 2 2 0
4.4620372 1.03595035178311 0.759168299265845 0.808765381482 2 2 0
4.4779769 1.03595035178311 0.759168299265845 0.808765381482 2 2 0
4.528972 1.05203510885006 0.780214101787105 0.918222350404376 2 2 0
4.5469688 1.06919627485535 0.798416974839359 0.81484632419991 2 2 0
4.5749758 1.06919627485535 0.798416974839359 0.81484632419991 2 2 0
4.6109762 1.10028774084495 0.831800130704261 0.82092726691782 2 2 0
4.6310229 1.10028774084495 0.831800130704261 0.82092726691782 2 2 0
4.647977 1.10028774084495 0.831800130704261 0.82092726691782 2 2 0
4.663997 1.10028774084495 0.831800130704261 0.82092726691782 2 2 0
4.6949769 1.11535775176159 0.851768730479658 0.924303293122286 2 2 0
4.7209952 1.13020444910874 0.8681036378404 0.833089152353639 2 2 0
4.7419789 1.13020444910874 0.8681036378404 0.833089152353639 2 2 0
4.7709732 1.13020444910874 0.8681036378404 0.833089152353639 2 2 0
4.7989738 1.16461433003288 0.906428373488649 0.839170095071549 2 2 0
4.8159704 1.16461433003288 0.906428373488649 0.839170095071549 2 2 0
4.8319691 1.16461433003288 0.906428373488649 0.839170095071549 2 2 0
4.8479728 1.16461433003288 0.906428373488649 0.839170095071549 2 2 0
4.8649832 1.16461433003288 0.906428373488649 0.839170095071549 2 2 0
4.8829716 1.16461433003288 0.906428373488649 0.839170095071549 2 2 0
4.9009765 1.16461433003288 0.906428373488649 0.839170095071549 2 2 0
4.9570003 1.19952532652913 0.946275621553053 0.851331980507369 2 2 0
4.984979 1.21540331523038 0.969289983143443 0.966869892147655 2 2 0
5.0020115 1.23273733707618 0.989319384041033 0.857412923225279 2 2 0
5.0189755 1.23273733707618 0.989319384041033 0.857412923225279 2 2 0
5.0369719 1.23273733707618 0.989319384041033 0.857412923225279 2 2 0
5.0539694 1.23273733707618 0.989319384041033 0.857412923225279 2 2 0
5.0699708 1.23273733707618 0.989319384041033 0.857412923225279 2 2 0
5.1119711 1.23273733707618 0.989319384041033 0.857412923225279 2 2 0
5.1260201 1.26933138319508 1.03160367482483 0.857412923225279 2 2 0
5.1439715 1.26933138319508 1.03160367482483 0.857412923225279 2 2 0
5.1589866 1.26933138319508 1.03160367482483 0.857412923225279 2 2 0
5.1919765 1.26933138319508 1.03160367482483 0.857412923225279 2 2 0
5.2100036 1.30279897522072 1.07075396922637 0.863493865943188 2 2 0
5.2259769 1.30279897522072 1.07075396922637 0.863493865943188 2 2 0
5.2449722 1.30279897522072 1.07075396922637 0.863493865943188 2 2 0
5.2609714 1.30279897522072 1.07075396922637 0.863493865943188 2 2 0
5.2779825 1.30279897522072 1.07075396922637 0.863493865943188 2 2 0
5.3399979 1.33412908472254 1.10785830539234 0.869574808661098 2 2 0
5.359977 1.33412908472254 1.10785830539234 0.869574808661098 2 2 0
5.3959719 1.34821022676004 1.12853611100458 0.972950834865564 2 2 0
5.4130222 1.36329090665874 1.1466181306776 0.875655751379008 2 2 0
5.4309963 1.36329090665874 1.1466181306776 0.875655751379008 2 2 0
5.4470271 1.36329090665874 1.1466181306776 0.875655751379008 2 2 0
5.4619769 1.36329090665874 1.1466181306776 0.875655751379008 2 2 0
5.4809716 1.36329090665874 1.1466181306776 0.875655751379008 2 2 0
5.5279996 1.39416745158673 1.1841007466085 0.881736694096918 2 2 0
5.5480064 1.39416745158673 1.1841007466085 0.881736694096918 2 2 0
5.5649711 1.39416745158673 1.1841007466085 0.881736694096918 2 2 0
5.612981 1.40659198867864 1.20234586920754 0.972950834865564 2 2 0
5.6320015 1.41959418993549 1.21832694568291 0.887817636814828 2 2 0
5.6489743 1.41959418993549 1.21832694568291 0.887817636814828 2 2 0
5.6649734 1.41959418993549 1.21832694568291 0.887817636814828 2 2 0
5.6819713 1.41959418993549 1.21832694568291 0.887817636814828 2 2 0
5.7030302 1.44520795883853 1.25060298964626 0.899979522250647 2 2 0
5.73297 1.44520795883853 1.25060298964626 0.899979522250647 2 2 0
5.7580561 1.44520795883853 1.25060298964626 0.899979522250647 2 2 0
5.7729927 1.44520795883853 1.25060298964626 0.899979522250647 2 2 0
5.7989896 1.47222868751977 1.28551566218708 0.912141407686467 2 2 0
5.8149756 1.47222868751977 1.28551566218708 0.912141407686467 2 2 0
5.8320183 1.47222868751977 1.28551566218708 0.912141407686467 2 2 0
5.8492191 1.47222868751977 1.28551566218708 0.912141407686467 2 2 0
5.8679752 1.47222868751977 1.28551566218708 0.912141407686467 2 2 0
5.8799719 1.4963558231202 1.31708436596897 0.918222350404376 2 2 0
5.9039721 1.4963558231202 1.31708436596897 0.918222350404376 2 2 0
5.9279711 1.4963558231202 1.31708436596897 0.918222350404376 2 2 0
5.9429698 1.4963558231202 1.31708436596897 0.918222350404376 2 2 0
5.957976 1.4963558231202 1.31708436596897 0.918222350404376 2 2 0
5.971973 1.4963558231202 1.31708436596897 0.918222350404376 2 2 0
5.9939689 1.4963558231202 1.31708436596897 0.918222350404376 2 2 0
6.01097 1.51990307357202 1.34908793962739 0.936465178558106 2 2 0
6.0259866 1.51990307357202 1.34908793962739 0.936465178558106 2 2 0
6.0439699 1.51990307357202 1.34908793962739 0.936465178558106 2 2 0
6.0599712 1.51990307357202 1.34908793962739 0.936465178558106 2 2 0
6.0770141 1.51990307357202 1.34908793962739 0.936465178558106 2 2 0
6.0999792 1.54325527796286 1.38123411017442 0.942546121276016 2 2 0
6.1509821 1.54325527796286 1.38123411017442 0.942546121276016 2 2 0
6.1639792 1.54325527796286 1.38123411017442 0.942546121276016 2 2 0
6.1799793 1.54325527796286 1.38123411017442 0.942546121276016 2 2 0
6.2129908 1.55454805867697 1.40020057332243 1.03376026204466 2 2 0
6.2279722 1.56560264670305 1.41581395514499 0.954708006711835 2 2 0
6.2449711 1.56560264670305 1.41581395514499 0.954708006711835 2 2 0
6.2619795 1.56560264670305 1.41581395514499 0.954708006711835 2 2 0
6.2869814 1.57666392999606 1.43491635375129 1.04592214748048 2 2 0
6.3450846 1.5884664039971 1.45180284688309 0.960788949429745 2 2 0
6.3609795 1.5884664039971 1.45180284688309 0.960788949429745 2 2 0
6.3799714 1.61165887323532 1.48586040906795 0.972950834865564 2 2 0
6.4799797 1.61165887323532 1.48586040906795 0.972950834865564 2 2 0
6.5209733 1.61165887323532 1.48586040906795 0.972950834865564 2 2 0
6.5519694 1.63606233046897 1.52265015977999 0.985112720301384 2 2 0
6.5659727 1.63606233046897 1.52265015977999 0.985112720301384 2 2 0
6.602001 1.65956379172791 1.56002255334934 1.00943649117302 2 2 0
6.6179722 1.65956379172791 1.56002255334934 1.00943649117302 2 2 0
6.6340132 1.65956379172791 1.56002255334934 1.00943649117302 2 2 0
6.6509699 1.65956379172791 1.56002255334934 1.00943649117302 2 2 0
6.6879729 1.6836133527793 1.59878765319594 1.01551743389093 2 2 0
6.7069739 1.6836133527793 1.59878765319594 1.01551743389093 2 2 0
6.7369802 1.6836133527793 1.59878765319594 1.01551743389093 2 2 0
6.7519808 1.6836133527793 1.59878765319594 1.01551743389093 2 2 0
6.7709695 1.6836133527793 1.59878765319594 1.01551743389093 2 2 0
6.7879752 1.6836133527793 1.59878765319594 1.01551743389093 2 2 0
6.8529879 1.6836133527793 1.59878765319594 1.01551743389093 2 2 0
6.8700128 1.72683200892408 1.67238881339027 1.03984120476257 2 2 0
6.8909808 1.72683200892408 1.67238881339027 1.03984120476257 2 2 0
6.907973 1.72683200892408 1.67238881339027 1.03984120476257 2 2 0
6.9269727 1.72683200892408 1.67238881339027 1.03984120476257 2 2 0
6.9530134 1.72683200892408 1.67238881339027 1.03984120476257 2 2 0
6.9659725 1.72683200892408 1.67238881339027 1.03984120476257 2 2 0
6.9789833 1.72683200892408 1.67238881339027 1.03984120476257 2 2 0
6.9939705 1.74821715662391 1.70932011736243 1.04592214748048 2 2 0
7.0139822 1.74821715662391 1.70932011736243 1.04592214748048 2 2 0
7.0279706 1.74821715662391 1.70932011736243 1.04592214748048 2 2 0
7.0449711 1.74821715662391 1.70932011736243 1.04592214748048 2 2 0
7.0619919 1.74821715662391 1.70932011736243 1.04592214748048 2 2 0
7.0769811 1.74821715662391 1.70932011736243 1.04592214748048 2 2 0
7.125977 1.74821715662391 1.70932011736243 1.04592214748048 2 2 0
7.1469834 1.76987345622701 1.747791134634 1.0580840329163 2 2 0
7.163979 1.76987345622701 1.747791134634 1.0580840329163 2 2 0
7.1820067 1.76987345622701 1.747791134634 1.0580840329163 2 2 0
7.2149734 1.76987345622701 1.747791134634 1.0580840329163 2 2 0
7.2319731 1.79012600725489 1.78535547852672 1.07632686107003 2 2 0
7.248 1.79012600725489 1.78535547852672 1.07632686107003 2 2 0
7.2639851 1.79012600725489 1.78535547852672 1.07632686107003 2 2 0
7.2809746 1.79012600725489 1.78535547852672 1.07632686107003 2 2 0
7.3049806 1.80738786188018 1.81784410198702 1.08240780378794 2 2 0
7.3369713 1.80738786188018 1.81784410198702 1.08240780378794 2 2 0
7.3529698 1.80738786188018 1.81784410198702 1.08240780378794 2 2 0
7.3679802 1.80738786188018 1.81784410198702 1.08240780378794 2 2 0
7.3879708 1.80738786188018 1.81784410198702 1.08240780378794 2 2 0
7.4009718 1.81952697288227 1.83971856632553 1.06416497563421 2 2 0
7.4209957 1.81952697288227 1.83971856632553 1.06416497563421 2 2 0
7.4339723 1.81952697288227 1.83971856632553 1.06416497563421 2 2 0
7.4509894 1.81952697288227 1.83971856632553 1.06416497563421 2 2 0
7.4659735 1.81952697288227 1.83971856632553 1.06416497563421 2 2 0
7.5249791 1.82490418986687 1.84850483676352 1.02159837660884 2 2 0
7.5429771 1.82490418986687 1.84850483676352 1.02159837660884 2 2 0
7.5559734 1.82490418986687 1.84850483676352 1.02159837660884 2 2 0
7.5799831 1.82490418986687 1.84850483676352 1.02159837660884 2 2 0
7.5929721 1.8272770183396 1.8522277160072 1.00335554845511 2 2 0
7.6259923 1.8272770183396 1.8522277160072 1.00335554845511 2 2 0
7.639992 1.8272770183396 1.8522277160072 1.00335554845511 2 2 0
7.6550256 1.8272770183396 1.8522277160072 1.00335554845511 2 2 0
7.6719694 1.8272770183396 1.8522277160072 1.00335554845511 2 2 0
7.6889818 1.8272770183396 1.8522277160072 1.00335554845511 2 2 0
7.7289722 1.8272770183396 1.8522277160072 1.00335554845511 2 2 0
7.7629816 1.8272770183396 1.8522277160072 1.00335554845511 2 2 0
7.777969 1.8272770183396 1.8522277160072 1.00335554845511 2 2 0
7.7929891 1.8272770183396 1.8522277160072 1.00335554845511 2 2 0
7.8150139 1.8272770183396 1.8522277160072 1.00335554845511 2 2 0
7.8279691 1.8272770183396 1.8522277160072 1.00335554845511 2 2 0
7.8449725 1.8272770183396 1.8522277160072 1.00335554845511 2 2 0
7.8609722 1.8272770183396 1.8522277160072 1.00335554845511 2 2 0
7.8790136 1.8272770183396 1.8522277160072 1.00335554845511 2 2 0
7.9159757 1.8272770183396 1.8522277160072 1.00335554845511 2 2 0
7.9349719 1.8272770183396 1.8522277160072 1.00335554845511 2 2 0
7.9479781 1.8272770183396 1.8522277160072 1.00335554845511 2 2 0
7.9629734 1.8272770183396 1.8522277160072 1.00335554845511 2 2 0
7.9800076 1.8272770183396 1.8522277160072 1.00335554845511 2 2 0
7.9969702 1.8272770183396 1.8522277160072 1.00335554845511 2 2 0
8.0129696 1.8272770183396 1.8522277160072 1.00335554845511 2 2 0
8.0319701 1.8272770183396 1.8522277160072 1.00335554845511 2 2 0
8.0469704 1.8272770183396 1.8522277160072 1.00335554845511 2 2 0
8.0640056 1.8272770183396 1.8522277160072 1.00335554845511 2 2 0
8.0799715 1.8272770183396 1.8522277160072 1.00335554845511 2 2 0
8.095975 1.8272770183396 1.8522277160072 1.00335554845511 2 2 0
8.1209782 1.8272770183396 1.8522277160072 1.00335554845511 2 2 0
8.1439728 1.8272770183396 1.8522277160072 1.00335554845511 2 2 0
8.162063 1.8272770183396 1.8522277160072 1.00335554845511 2 2 0
8.1829716 1.8272770183396 1.8522277160072 1.00335554845511 2 2 0
8.2019907 1.8272770183396 1.8522277160072 1.00335554845511 2 2 0
8.2319805 1.8272770183396 1.8522277160072 1.00335554845511 2 2 0
8.249977 1.8272770183396 1.8522277160072 1.00335554845511 2 2 0
8.2669918 1.8272770183396 1.8522277160072 1.00335554845511 2 2 0
8.2839698 1.8272770183396 1.8522277160072 1.00335554845511 2 2 0
8.3029717 1.8272770183396 1.8522277160072 1.00335554845511 2 2 0
8.3359714 1.8272770183396 1.8522277160072 1.00335554845511 2 2 0
8.3559785 1.8272770183396 1.8522277160072 1.00335554845511 2 2 0
8.3689719 1.8272770183396 1.8522277160072 1.00335554845511 2 2 0
8.3849711 1.8272770183396 1.8522277160072 1.00335554845511 2 2 0
8.4009754 1.8272770183396 1.8522277160072 1.00335554845511 2 2 0
8.4299839 1.8272770183396 1.8522277160072 1.00335554845511 2 2 0
8.4439699 1.8272770183396 1.8522277160072 1.00335554845511 2 2 0
8.4609735 1.8272770183396 1.8522277160072 1.00335554845511 2 2 0
8.4759724 1.8272770183396 1.8522277160072 1.00335554845511 2 2 0
8.5099839 1.8272770183396 1.8522277160072 1.00335554845511 2 2 0
8.5279716 1.8272770183396 1.8522277160072 1.00335554845511 2 2 0
8.5750962 1.8272770183396 1.8522277160072 1.00335554845511 2 2 0
8.5939864 1.8272770183396 1.8522277160072 1.00335554845511 2 2 0
8.6140149 1.8272770183396 1.8522277160072 1.00335554845511 2 2 0
8.6359859 1.8272770183396 1.8522277160072 1.00335554845511 2 2 0
8.6539779 1.8272770183396 1.8522277160072 1.00335554845511 2 2 0
8.6709806 1.8272770183396 1.8522277160072 1.00335554845511 2 2 0
8.6879801 1.8272770183396 1.8522277160072 1.00335554845511 2 2 0
8.7309871 1.8272770183396 1.8522277160072 1.00335554845511 2 2 0
8.7509706 1.8272770183396 1.8522277160072 1.00335554845511 2 2 0
8.7649721 1.8272770183396 1.8522277160072 1.00335554845511 2 2 0
8.8119789 1.8272770183396 1.8522277160072 1.00335554845511 2 2 0
8.848973 1.8272770183396 1.8522277160072 1.00335554845511 2 2 0
8.8659743 1.8272770183396 1.8522277160072 1.00335554845511 2 2 0
8.9300011 1.8272770183396 1.8522277160072 1.00335554845511 2 2 0
8.9739736 1.8272770183396 1.8522277160072 1.00335554845511 2 2 0
9.0189773 1.8272770183396 1.8522277160072 1.00335554845511 2 2 0
9.0459856 1.8272770183396 1.8522277160072 1.00335554845511 2 2 0
9.066971 1.8272770183396 1.8522277160072 1.00335554845511 2 2 0
9.0889696 1.8272770183396 1.8522277160072 1.00335554845511 2 2 0
9.1029799 1.8272770183396 1.8522277160072 1.00335554845511 2 2 0
9.1239872 1.8272770183396 1.8522277160072 1.00335554845511 2 2 0
9.1389724 1.8272770183396 1.8522277160072 1.00335554845511 2 2 0
9.1799978 1.8272770183396 1.8522277160072 1.00335554845511 2 2 0
9.2050754 1.8272770183396 1.8522277160072 1.00335554845511 2 2 0
9.2199697 1.8272770183396 1.8522277160072 1.00335554845511 2 2 0
9.2529707 1.8272770183396 1.8522277160072 1.00335554845511 2 2 0
9.2709921 1.8272770183396 1.8522277160072 1.00335554845511 2 2 0
9.3270184 1.8272770183396 1.8522277160072 1.00335554845511 2 2 0
9.344104 1.8272770183396 1.8522277160072 1.00335554845511 2 2 0
9.3689725 1.8272770183396 1.8522277160072 1.00335554845511 2 2 0
9.421974 1.8272770183396 1.8522277160072 1.00335554845511 2 2 0
9.4440115 1.8272770183396 1.8522277160072 1.00335554845511 2 2 0
9.4599707 1.8272770183396 1.8522277160072 1.00335554845511 2 2 0
9.4780307 1.8272770183396 1.8522277160072 1.00335554845511 2 2 0
9.4949718 1.8272770183396 1.8522277160072 1.00335554845511 2 2 0
9.5129825 1.8272770183396 1.8522277160072 1.00335554845511 2 2 0
9.5301787 1.8272770183396 1.8522277160072 1.00335554845511 2 2 0
9.5679741 1.8272770183396 1.8522277160072 1.00335554845511 2 2 0
9.6209907 1.8272770183396 1.8522277160072 1.00335554845511 2 2 0
9.6670082 1.8272770183396 1.8522277160072 1.00335554845511 2 2 0
9.6809691 1.8272770183396 1.8522277160072 1.00335554845511 2 2 0
9.7169809 1.8272770183396 1.8522277160072 1.00335554845511 2 2 0
9.7499698 1.8272770183396 1.8522277160072 1.00335554845511 2 2 0
9.765971 1.8272770183396 1.8522277160072 1.00335554845511 2 2 0
9.7859828 1.8272770183396 1.8522277160072 1.00335554845511 2 2 0
9.8109818 1.8272770183396 1.8522277160072 1.00335554845511 2 2 0
9.8349709 1.8272770183396 1.8522277160072 1.00335554845511 2 2 0
9.8929976 1.8272770183396 1.8522277160072 1.00335554845511 2 2 0
9.9119907 1.8272770183396 1.8522277160072 1.00335554845511 2 2 0
9.9489884 1.8272770183396 1.8522277160072 1.00335554845511 2 2 0
9.9729804 1.8272770183396 1.8522277160072 1.00335554845511 2 2 0
9.9869728 1.8272770183396 1.8522277160072 1.00335554845511 2 2 0
9.9999711 1.8272770183396 1.8522277160072 1.00335554845511 2 2 0
10.0170012 1.8272770183396 1.8522277160072 1.00335554845511 2 2 0
10.0349988 1.8272770183396 1.8522277160072 1.00335554845511 2 2 0
10.0669803 1.8272770183396 1.8522277160072 1.00335554845511 2 2 0
10.0809778 1.8272770183396 1.8522277160072 1.00335554845511 2 2 0
10.0999999 1.8272770183396 1.8522277160072 1.00335554845511 2 2 0
10.1469813 1.8272770183396 1.8522277160072 1.00335554845511 2 2 0
10.1689779 1.8272770183396 1.8522277160072 1.00335554845511 2 2 0
10.1869712 1.8272770183396 1.8522277160072 1.00335554845511 2 2 0
10.2059745 1.8272770183396 1.8522277160072 1.00335554845511 2 2 0
10.2259822 1.8272770183396 1.8522277160072 1.00335554845511 2 2 0
10.2430424 1.8272770183396 1.8522277160072 1.00335554845511 2 2 0
10.2669779 1.8272770183396 1.8522277160072 1.00335554845511 2 2 0
10.2849884 1.8272770183396 1.8522277160072 1.00335554845511 2 2 0
10.3219702 1.8272770183396 1.8522277160072 1.00335554845511 2 2 0
10.3489697 1.8272770183396 1.8522277160072 1.00335554845511 2 2 0
10.3630115 1.8272770183396 1.8522277160072 1.00335554845511 2 2 0
10.3780015 1.8272770183396 1.8522277160072 1.00335554845511 2 2 0
10.3939711 1.8272770183396 1.8522277160072 1.00335554845511 2 2 0
10.4079719 1.8272770183396 1.8522277160072 1.00335554845511 2 2 0
10.4279701 1.8272770183396 1.8522277160072 1.00335554845511 2 2 0
10.44397 1.8272770183396 1.8522277160072 1.00335554845511 2 2 0
10.4989724 1.8272770183396 1.8522277160072 1.00335554845511 2 2 0
10.5349733 1.8272770183396 1.8522277160072 1.00335554845511 2 2 0
10.5569787 1.8272770183396 1.8522277160072 1.00335554845511 2 2 0
10.5709733 1.8272770183396 1.8522277160072 1.00335554845511 2 2 0
10.5839708 1.8272770183396 1.8522277160072 1.00335554845511 2 2 0
10.5979709 1.8272770183396 1.8522277160072 1.00335554845511 2 2 0
10.6149725 1.8272770183396 1.8522277160072 1.00335554845511 2 2 0
10.6309689 1.8272770183396 1.8522277160072 1.00335554845511 2 2 0
10.646973 1.8272770183396 1.8522277160072 1.00335554845511 2 2 0
10.6639721 1.8272770183396 1.8522277160072 1.00335554845511 2 2 0
10.6820018 1.8272770183396 1.8522277160072 1.00335554845511 2 2 0
10.6989762 1.8272770183396 1.8522277160072 1.00335554845511 2 2 0
10.7199882 1.8272770183396 1.8522277160072 1.00335554845511 2 2 0
10.7409751 1.8272770183396 1.8522277160072 1.00335554845511 2 2 0
10.7539692 1.8272770183396 1.8522277160072 1.00335554845511 2 2 0
10.7689923 1.8272770183396 1.8522277160072 1.00335554845511 2 2 0
10.7839718 1.8272770183396 1.8522277160072 1.00335554845511 2 2 0
10.7979956 1.8272770183396 1.8522277160072 1.00335554845511 2 2 0
10.8169928 1.8272770183396 1.8522277160072 1.00335554845511 2 2 0
10.8359692 1.8272770183396 1.8522277160072 1.00335554845511 2 2 0
10.8569765 1.8272770183396 1.8522277160072 1.00335554845511 2 2 0
10.8699692 1.8272770183396 1.8522277160072 1.00335554845511 2 2 0
10.8889906 1.8272770183396 1.8522277160072 1.00335554845511 2 2 0
10.9029699 1.8272770183396 1.8522277160072 1.00335554845511 2 2 0
10.9289728 1.8272770183396 1.8522277160072 1.00335554845511 2 2 0
10.9639748 1.8272770183396 1.8522277160072 1.00335554845511 2 2 0
10.9859805 1.8272770183396 1.8522277160072 1.00335554845511 2 2 0
11.00198 1.8272770183396 1.8522277160072 1.00335554845511 2 2 0
11.0189944 1.8272770183396 1.8522277160072 1.00335554845511 2 2 0
11.0380082 1.8272770183396 1.8522277160072 1.00335554845511 2 2 0
11.0520137 1.8272770183396 1.8522277160072 1.00335554845511 2 2 0
11.0709728 1.8272770183396 1.8522277160072 1.00335554845511 2 2 0
11.0889859 1.8272770183396 1.8522277160072 1.00335554845511 2 2 0
11.1369789 1.8272770183396 1.8522277160072 1.00335554845511 2 2 0
11.1779978 1.8272770183396 1.8522277160072 1.00335554845511 2 2 0
11.1939727 1.8272770183396 1.8522277160072 1.00335554845511 2 2 0
11.2109863 1.8272770183396 1.8522277160072 1.00335554845511 2 2 0
11.2249788 1.8272770183396 1.8522277160072 1.00335554845511 2 2 0
11.2419766 1.8272770183396 1.8522277160072 1.00335554845511 2 2 0
11.2789966 1.8272770183396 1.8522277160072 1.00335554845511 2 2 0
11.2999692 1.8272770183396 1.8522277160072 1.00335554845511 2 2 0
11.33397 1.8272770183396 1.8522277160072 1.00335554845511 2 2 0
11.3509755 1.8272770183396 1.8522277160072 1.00335554845511 2 2 0
11.3649721 1.8272770183396 1.8522277160072 1.00335554845511 2 2 0
11.3809965 1.8272770183396 1.8522277160072 1.00335554845511 2 2 0
11.397972 1.8272770183396 1.8522277160072 1.00335554845511 2 2 0
11.4139753 1.8272770183396 1.8522277160072 1.00335554845511 2 2 0
11.4300171 1.8272770183396 1.8522277160072 1.00335554845511 2 2 0
11.4479859 1.8272770183396 1.8522277160072 1.00335554845511 2 2 0
11.465004 1.8272770183396 1.8522277160072 1.00335554845511 2 2 0
11.496992 1.8272770183396 1.8522277160072 1.00335554845511 2 2 0
11.5250571 1.8272770183396 1.8522277160072 1.00335554845511 2 2 0
11.5729725 1.8272770183396 1.8522277160072 1.00335554845511 2 2 0
11.587972 1.8272770183396 1.8522277160072 1.00335554845511 2 2 0
11.6069697 1.8272770183396 1.8522277160072 1.00335554845511 2 2 0
11.6199693 1.8272770183396 1.8522277160072 1.00335554845511 2 2 0
11.6389717 1.8272770183396 1.8522277160072 1.00335554845511 2 2 0
11.652977 1.8272770183396 1.8522277160072 1.00335554845511 2 2 0
11.686969 1.8272770183396 1.8522277160072 1.00335554845511 2 2 0
11.7019694 1.8272770183396 1.8522277160072 1.00335554845511 2 2 0
11.716972 1.8272770183396 1.8522277160072 1.00335554845511 2 2 0
11.7639865 1.8272770183396 1.8522277160072 1.00335554845511 2 2 0
11.7849814 1.8272770183396 1.8522277160072 1.00335554845511 2 2 0
11.8019896 1.8272770183396 1.8522277160072 1.00335554845511 2 2 0
11.819975 1.8272770183396 1.8522277160072 1.00335554845511 2 2 0
11.8389694 1.8272770183396 1.8522277160072 1.00335554845511 2 2 0
11.8539725 1.8272770183396 1.8522277160072 1.00335554845511 2 2 0
11.9039731 1.8272770183396 1.8522277160072 1.00335554845511 2 2 0
11.9259925 1.8272770183396 1.8522277160072 1.00335554845511 2 2 0
11.9409728 1.8272770183396 1.8522277160072 1.00335554845511 2 2 0
11.9559726 1.8272770183396 1.8522277160072 1.00335554845511 2 2 0
11.9729717 1.8272770183396 1.8522277160072 1.00335554845511 2 2 0
11.993985 1.8272770183396 1.8522277160072 1.00335554845511 2 2 0
12.0090258 1.8272770183396 1.8522277160072 1.00335554845511 2 2 0
12.0270093 1.8272770183396 1.8522277160072 1.00335554845511 2 2 0
12.0409834 1.8272770183396 1.8522277160072 1.00335554845511 2 2 0
12.0569707 1.8272770183396 1.8522277160072 1.00335554845511 2 2 0
12.0939693 1.8272770183396 1.8522277160072 1.00335554845511 2 2 0
12.137016 1.8272770183396 1.8522277160072 1.00335554845511 2 2 0
12.150986 1.8272770183396 1.8522277160072 1.00335554845511 2 2 0
12.1649752 1.8272770183396 1.8522277160072 1.00335554845511 2 2 0
12.1799756 1.8272770183396 1.8522277160072 1.00335554845511 2 2 0
12.1990096 1.8272770183396 1.8522277160072 1.00335554845511 2 2 0
12.2199739 1.8272770183396 1.8522277160072 1.00335554845511 2 2 0
12.2339696 1.8272770183396 1.8522277160072 1.00335554845511 2 2 0
12.2479712 1.8272770183396 1.8522277160072 1.00335554845511 2 2 0
12.2629827 1.8272770183396 1.8522277160072 1.00335554845511 2 2 0
12.2849709 1.8272770183396 1.8522277160072 1.00335554845511 2 2 0
12.321972 1.8272770183396 1.8522277160072 1.00335554845511 2 2 0
12.3509948 1.8272770183396 1.8522277160072 1.00335554845511 2 2 0
12.3709778 1.8272770183396 1.8522277160072 1.00335554845511 2 2 0
12.3859739 1.8272770183396 1.8522277160072 1.00335554845511 2 2 0
12.4029868 1.8272770183396 1.8522277160072 1.00335554845511 2 2 0
12.4199697 1.8272770183396 1.8522277160072 1.00335554845511 2 2 0
12.4349786 1.8272770183396 1.8522277160072 1.00335554845511 2 2 0
12.450972 1.8272770183396 1.8522277160072 1.00335554845511 2 2 0
12.4679707 1.8272770183396 1.8522277160072 1.00335554845511 2 2 0
12.5151157 1.8272770183396 1.8522277160072 1.00335554845511 2 2 0
12.5399715 1.8272770183396 1.8522277160072 1.00335554845511 2 2 0
12.5709713 1.8272770183396 1.8522277160072 1.00335554845511 2 2 0
12.5849839 1.8272770183396 1.8522277160072 1.00335554845511 2 2 0
12.6009836 1.8272770183396 1.8522277160072 1.00335554845511 2 2 0
12.6200141 1.8272770183396 1.8522277160072 1.00335554845511 2 2 0
12.6349707 1.8272770183396 1.8522277160072 1.00335554845511 2 2 0
12.6539716 1.8272770183396 1.8522277160072 1.00335554845511 2 2 0
12.6709725 1.8272770183396 1.8522277160072 1.00335554845511 2 2 0
12.7209707 1.8272770183396 1.8522277160072 1.00335554845511 2 2 0
12.7399707 1.8272770183396 1.8522277160072 1.00335554845511 2 2 0
12.7539743 1.8272770183396 1.8522277160072 1.00335554845511 2 2 0
12.7729695 1.8272770183396 1.8522277160072 1.00335554845511 2 2 0
12.7889971 1.8272770183396 1.8522277160072 1.00335554845511 2 2 0
12.8079738 1.8272770183396 1.8522277160072 1.00335554845511 2 2 0
12.8269748 1.8272770183396 1.8522277160072 1.00335554845511 2 2 0
12.8409741 1.8272770183396 1.8522277160072 1.00335554845511 2 2 0
12.8570359 1.8272770183396 1.8522277160072 1.00335554845511 2 2 0
12.8709984 1.8272770183396 1.8522277160072 1.00335554845511 2 2 0
12.9199783 1.8272770183396 1.8522277160072 1.00335554845511 2 2 0
12.9489702 1.8272770183396 1.8522277160072 1.00335554845511 2 2 0
12.9639687 1.8272770183396 1.8522277160072 1.00335554845511 2 2 0
12.9789768 1.8272770183396 1.8522277160072 1.00335554845511 2 2 0
12.99697 1.8272770183396 1.8522277160072 1.00335554845511 2 2 0
13.0139705 1.8272770183396 1.8522277160072 1.00335554845511 2 2 0
13.0289694 1.8272770183396 1.8522277160072 1.00335554845511 2 2 0
13.0459723 1.8272770183396 1.8522277160072 1.00335554845511 2 2 0
13.06297 1.8272770183396 1.8522277160072 1.00335554845511 2 2 0
13.161984 1.8272770183396 1.8522277160072 1.00335554845511 2 2 0
13.1819717 1.8272770183396 1.8522277160072 1.00335554845511 2 2 0
13.1979692 1.8272770183396 1.8522277160072 1.00335554845511 2 2 0
13.2159804 1.8272770183396 1.8522277160072 1.00335554845511 2 2 0
13.2329834 1.8272770183396 1.8522277160072 1.00335554845511 2 2 0
13.2509724 1.8272770183396 1.8522277160072 1.00335554845511 2 2 0
13.2699953 1.8272770183396 1.8522277160072 1.00335554845511 2 2 0
13.354973 1.8272770183396 1.8522277160072 1.00335554845511 2 2 0
13.3709961 1.8272770183396 1.8522277160072 1.00335554845511 2 2 0
13.3859741 1.8272770183396 1.8522277160072 1.00335554845511 2 2 0
13.4030422 1.8272770183396 1.8522277160072 1.00335554845511 2 2 0
13.4199814 1.8272770183396 1.8522277160072 1.00335554845511 2 2 0
13.4359895 1.8272770183396 1.8522277160072 1.00335554845511 2 2 0
13.450973 1.8272770183396 1.8522277160072 1.00335554845511 2 2 0
13.4709724 1.8272770183396 1.8522277160072 1.00335554845511 2 2 0
13.4899729 1.8272770183396 1.8522277160072 1.00335554845511 2 2 0
13.5529692 1.8272770183396 1.8522277160072 1.00335554845511 2 2 0
13.5839769 1.8272770183396 1.8522277160072 1.00335554845511 2 2 0
13.6039786 1.8272770183396 1.8522277160072 1.00335554845511 2 2 0
13.6199892 1.8272770183396 1.8522277160072 1.00335554845511 2 2 0
13.6379705 1.8272770183396 1.8522277160072 1.00335554845511 2 2 0
13.6549783 1.8272770183396 1.8522277160072 1.00335554845511 2 2 0
13.67198 1.8272770183396 1.8522277160072 1.00335554845511 2 2 0
13.7240103 1.8272770183396 1.8522277160072 1.00335554845511 2 2 0
13.7649806 1.8272770183396 1.8522277160072 1.00335554845511 2 2 0
13.7809694 1.8272770183396 1.8522277160072 1.00335554845511 2 2 0
13.8020371 1.8272770183396 1.8522277160072 1.00335554845511 2 2 0
13.8149961 1.8272770183396 1.8522277160072 1.00335554845511 2 2 0
13.8309934 1.8272770183396 1.8522277160072 1.00335554845511 2 2 0
13.8460145 1.8272770183396 1.8522277160072 1.00335554845511 2 2 0
13.8629692 1.8272770183396 1.8522277160072 1.00335554845511 2 2 0
13.8809708 1.8272770183396 1.8522277160072 1.00335554845511 2 2 0
13.8950132 1.8272770183396 1.8522277160072 1.00335554845511 2 2 0
13.9529729 1.8272770183396 1.8522277160072 1.00335554845511 2 2 0
13.9879749 1.8272770183396 1.8522277160072 1.00335554845511 2 2 0
14.0009721 1.8272770183396 1.8522277160072 1.00335554845511 2 2 0
14.0149773 1.8272770183396 1.8522277160072 1.00335554845511 2 2 0
14.0339905 1.8272770183396 1.8522277160072 1.00335554845511 2 2 0
14.0489721 1.8272770183396 1.8522277160072 1.00335554845511 2 2 0
14.0679718 1.8272770183396 1.8522277160072 1.00335554845511 2 2 0
14.0849797 1.8272770183396 1.8522277160072 1.00335554845511 2 2 0
14.0999771 1.8272770183396 1.8522277160072 1.00335554845511 2 2 0
14.1559721 1.8272770183396 1.8522277160072 1.00335554845511 2 2 0
14.1870028 1.8272770183396 1.8522277160072 1.00335554845511 2 2 0
14.2029942 1.8272770183396 1.8522277160072 1.00335554845511 2 2 0
14.2199829 1.8272770183396 1.8522277160072 1.00335554845511 2 2 0
14.2359724 1.8272770183396 1.8522277160072 1.00335554845511 2 2 0
14.2529715 1.8272770183396 1.8522277160072 1.00335554845511 2 2 0
14.2700108 1.8272770183396 1.8522277160072 1.00335554845511 2 2 0
14.2879697 1.8272770183396 1.8522277160072 1.00335554845511 2 2 0
14.3329939 1.8272770183396 1.8522277160072 1.00335554845511 2 2 0
14.3520011 1.8272770183396 1.8522277160072 1.00335554845511 2 2 0
14.3709825 1.8272770183396 1.8522277160072 1.00335554845511 2 2 0
14.3859727 1.8272770183396 1.8522277160072 1.00335554845511 2 2 0
14.4030163 1.8272770183396 1.8522277160072 1.00335554845511 2 2 0
14.4219691 1.8272770183396 1.8522277160072 1.00335554845511 2 2 0
14.4359753 1.8272770183396 1.8522277160072 1.00335554845511 2 2 0
14.4529711 1.8272770183396 1.8522277160072 1.00335554845511 2 2 0
14.4669932 1.8272770183396 1.8522277160072 1.00335554845511 2 2 0
14.4889839 1.8272770183396 1.8522277160072 1.00335554845511 2 2 0
14.5389726 1.8272770183396 1.8522277160072 1.00335554845511 2 2 0
14.5729845 1.8272770183396 1.8522277160072 1.00335554845511 2 2 0
14.5909844 1.8272770183396 1.8522277160072 1.00335554845511 2 2 0
14.6079844 1.8272770183396 1.8522277160072 1.00335554845511 2 2 0
14.624973 1.8272770183396 1.8522277160072 1.00335554845511 2 2 0
14.6409692 1.8272770183396 1.8522277160072 1.00335554845511 2 2 0
14.6570007 1.8272770183396 1.8522277160072 1.00335554845511 2 2 0
14.673972 1.8272770183396 1.8522277160072 1.00335554845511 2 2 0
14.7019759 1.8272770183396 1.8522277160072 1.00335554845511 2 2 0
14.7249702 1.8272770183396 1.8522277160072 1.00335554845511 2 2 0
14.7650222 1.8272770183396 1.8522277160072 1.00335554845511 2 2 0
14.7809689 1.8272770183396 1.8522277160072 1.00335554845511 2 2 0
14.7959692 1.8272770183396 1.8522277160072 1.00335554845511 2 2 0
14.8129741 1.8272770183396 1.8522277160072 1.00335554845511 2 2 0
14.8279996 1.8272770183396 1.8522277160072 1.00335554845511 2 2 0
14.8489695 1.8272770183396 1.8522277160072 1.00335554845511 2 2 0
14.8669935 1.8272770183396 1.8522277160072 1.00335554845511 2 2 0
14.9099968 1.8272770183396 1.8522277160072 1.00335554845511 2 2 0
14.9679748 1.8272770183396 1.8522277160072 1.00335554845511 0 0 0
14.9840015 1.8272770183396 1.8522277160072 1.00335554845511 0 0 0
14.9999726 1.8272770183396 1.8522277160072 1.00335554845511 0 0 0
15.0169961 1.8272770183396 1.8522277160072 1.00335554845511 0 0 0
15.0329694 1.8272770183396 1.8522277160072 1.00335554845511 0 0 0
15.0479723 1.8272770183396 1.8522277160072 1.00335554845511 0 0 0
15.0649983 1.8272770183396 1.8522277160072 1.00335554845511 0 0 0
15.0879715 1.82569513269111 1.84974579651141 1.00335554845511 0 0 0
15.1039707 1.82569513269111 1.84974579651141 1.00335554845511 0 0 0
15.141992 1.82569513269111 1.84974579651141 1.00335554845511 0 0 0
15.2069722 1.82068103099598 1.8424781033776 0.966869892147655 0 0 0
15.2219716 1.8166886591998 1.8362974675997 0.997274605737204 0 0 0
15.2369712 1.8166886591998 1.8362974675997 0.997274605737204 0 0 0
15.253971 1.8166886591998 1.8362974675997 0.997274605737204 0 0 0
15.2729738 1.8166886591998 1.8362974675997 0.997274605737204 0 0 0
15.2899829 1.8166886591998 1.8362974675997 0.997274605737204 0 0 0
15.3119719 1.7987927905618 1.80931831707754 0.985112720301384 0 0 0
15.4059786 1.7987927905618 1.80931831707754 0.985112720301384 0 0 0
15.4929731 1.77121523123857 1.7693460048416 0.966869892147655 0 0 0
15.547973 1.7411978120302 1.72749173610123 0.948627063993925 0 0 0
15.5639767 1.7411978120302 1.72749173610123 0.948627063993925 0 0 0
15.5879879 1.70866326557938 1.68383201928875 0.930384235840196 0 0 0
15.6009734 1.70866326557938 1.68383201928875 0.930384235840196 0 0 0
15.6159717 1.70866326557938 1.68383201928875 0.930384235840196 0 0 0
15.6299906 1.70866326557938 1.68383201928875 0.930384235840196 0 0 0
15.6479694 1.70866326557938 1.68383201928875 0.930384235840196 0 0 0
15.6639719 1.70866326557938 1.68383201928875 0.930384235840196 0 0 0
15.6809713 1.70866326557938 1.68383201928875 0.930384235840196 0 0 0
15.7189744 1.67598422987721 1.64213475942382 0.906060464968557 0 0 0
15.7819927 1.67598422987721 1.64213475942382 0.906060464968557 0 0 0
15.8329998 1.65972866407882 1.62510117723342 0.808765381482001 0 0 0
15.8519695 1.64520464821119 1.60656906173789 0.906060464968557 0 0 0
15.8689767 1.64520464821119 1.60656906173789 0.906060464968557 0 0 0
15.8869707 1.64520464821119 1.60656906173789 0.906060464968557 0 0 0
15.9000165 1.61867610184734 1.57314030191871 0.899979522250647 0 0 0
15.9229794 1.61867610184734 1.57314030191871 0.899979522250647 0 0 0
15.9559722 1.61867610184734 1.57314030191871 0.899979522250647 0 0 0
15.9729714 1.61867610184734 1.57314030191871 0.899979522250647 0 0 0
15.9909734 1.59010122863866 1.5375792139996 0.893898579532737 0 0 0
16.0039715 1.59010122863866 1.5375792139996 0.893898579532737 0 0 0
16.0199745 1.59010122863866 1.5375792139996 0.893898579532737 0 0 0
16.0370003 1.59010122863866 1.5375792139996 0.893898579532737 0 0 0
16.0529905 1.59010122863866 1.5375792139996 0.893898579532737 0 0 0
16.0699741 1.59010122863866 1.5375792139996 0.893898579532737 0 0 0
16.0859719 1.56131064014134 1.50219254466128 0.887817636814828 0 0 0
16.1030251 1.56131064014134 1.50219254466128 0.887817636814828 0 0 0
16.1229843 1.56131064014134 1.50219254466128 0.887817636814828 0 0 0
16.1819812 1.56131064014134 1.50219254466128 0.887817636814828 0 0 0
16.194972 1.53230540096656 1.46698160242316 0.881736694096918 0 0 0
16.2079689 1.53230540096656 1.46698160242316 0.881736694096918 0 0 0
16.2220049 1.53230540096656 1.46698160242316 0.881736694096918 0 0 0
16.2369946 1.53230540096656 1.46698160242316 0.881736694096918 0 0 0
16.2549737 1.53230540096656 1.46698160242316 0.881736694096918 0 0 0
16.2719693 1.53230540096656 1.46698160242316 0.881736694096918 0 0 0
16.2889843 1.53230540096656 1.46698160242316 0.881736694096918 0 0 0
16.3419696 1.50308658366282 1.43194768930668 0.875655751379008 0 0 0
16.3889834 1.48400018928456 1.41358046950334 0.766198782456632 0 0 0
16.4069841 1.46870071864426 1.39568319206264 0.863493865943188 0 0 0
16.4259694 1.46870071864426 1.39568319206264 0.863493865943188 0 0 0
16.4389717 1.46870071864426 1.39568319206264 0.863493865943188 0 0 0
16.4559834 1.46870071864426 1.39568319206264 0.863493865943188 0 0 0
16.469973 1.46870071864426 1.39568319206264 0.863493865943188 0 0 0
16.4969743 1.43378972214801 1.35583594399823 0.851331980507369 0 0 0
16.5349708 1.43378972214801 1.35583594399823 0.851331980507369 0 0 0
16.5859721 1.41426225769079 1.33793836467758 0.741875011584993 0 0 0
16.5999707 1.39766239123792 1.31922220482135 0.845251037789459 0 0 0
16.6160022 1.39766239123792 1.31922220482135 0.845251037789459 0 0 0
16.6330172 1.39766239123792 1.31922220482135 0.845251037789459 0 0 0
16.6520205 1.39766239123792 1.31922220482135 0.845251037789459 0 0 0
16.6699757 1.39766239123792 1.31922220482135 0.845251037789459 0 0 0
16.6879705 1.39766239123792 1.31922220482135 0.845251037789459 0 0 0
16.7589735 1.36128623140382 1.27870748427891 0.839170095071549 0 0 0
16.7869733 1.32466437794751 1.23841471278908 0.83308915235364 0 0 0
16.8049747 1.32466437794751 1.23841471278908 0.83308915235364 0 0 0
16.8229735 1.32466437794751 1.23841471278908 0.83308915235364 0 0 0
16.8379897 1.32466437794751 1.23841471278908 0.83308915235364 0 0 0
16.8539786 1.32466437794751 1.23841471278908 0.83308915235364 0 0 0
16.8709704 1.32466437794751 1.23841471278908 0.83308915235364 0 0 0
16.9320074 1.2897909522457 1.20051129015283 0.82700820963573 0 0 0
16.9559726 1.2897909522457 1.20051129015283 0.82700820963573 0 0 0
16.9719775 1.2897909522457 1.20051129015283 0.82700820963573 0 0 0
16.993006 1.2607053872877 1.16928188627921 0.82092726691782 0 0 0
17.0059692 1.2607053872877 1.16928188627921 0.82092726691782 0 0 0
17.0209694 1.2607053872877 1.16928188627921 0.82092726691782 0 0 0
17.0379694 1.2607053872877 1.16928188627921 0.82092726691782 0 0 0
17.0559728 1.2607053872877 1.16928188627921 0.82092726691782 0 0 0
17.0729724 1.2607053872877 1.16928188627921 0.82092726691782 0 0 0
17.1000738 1.23462867387707 1.14128311039252 0.82092726691782 0 0 0
17.1410026 1.23462867387707 1.14128311039252 0.82092726691782 0 0 0
17.1909802 1.2193562785102 1.12745538525085 0.735794068867083 0 0 0
17.2079801 1.20716460416141 1.11468019860805 0.808765381482 0 0 0
17.2249779 1.20716460416141 1.11468019860805 0.808765381482 0 0 0
17.2409947 1.20716460416141 1.11468019860805 0.808765381482 0 0 0
17.2579698 1.20716460416141 1.11468019860805 0.808765381482 0 0 0
17.2759962 1.20716460416141 1.11468019860805 0.808765381482 0 0 0
17.3020324 1.18041463580382 1.08732392645118 0.796603496046181 0 0 0
17.3249775 1.18041463580382 1.08732392645118 0.796603496046181 0 0 0
17.361992 1.18041463580382 1.08732392645118 0.796603496046181 0 0 0
17.3840434 1.15125082041868 1.05821585122242 0.784441610610361 0 0 0
17.3979726 1.15125082041868 1.05821585122242 0.784441610610361 0 0 0
17.4149708 1.15125082041868 1.05821585122242 0.784441610610361 0 0 0
17.4339712 1.15125082041868 1.05821585122242 0.784441610610361 0 0 0
17.4499691 1.15125082041868 1.05821585122242 0.784441610610361 0 0 0
17.4679712 1.15125082041868 1.05821585122242 0.784441610610361 0 0 0
17.4839709 1.15125082041868 1.05821585122242 0.784441610610361 0 0 0
17.5500102 1.12173516148891 1.02946460691397 0.772279725174542 0 0 0
17.571988 1.12173516148891 1.02946460691397 0.772279725174542 0 0 0
17.5889689 1.09310556992152 1.00191377720896 0.766198782456632 0 0 0
17.6029692 1.09310556992152 1.00191377720896 0.766198782456632 0 0 0
17.6169724 1.09310556992152 1.00191377720896 0.766198782456632 0 0 0
17.6359758 1.09310556992152 1.00191377720896 0.766198782456632 0 0 0
17.6529879 1.09310556992152 1.00191377720896 0.766198782456632 0 0 0
17.6699707 1.09310556992152 1.00191377720896 0.766198782456632 0 0 0
17.7059736 1.06430897369831 0.974537550721227 0.760117839738722 0 0 0
17.7289812 1.06430897369831 0.974537550721227 0.760117839738722 0 0 0
17.7439836 1.06430897369831 0.974537550721227 0.760117839738722 0 0 0
17.7569689 1.06430897369831 0.974537550721227 0.760117839738722 0 0 0
17.7889696 1.04822446873632 0.961663517050177 0.674984641687985 0 0 0
17.8039722 1.03329290032429 0.947468436649127 0.760117839738722 0 0 0
17.8209695 1.03329290032429 0.947468436649127 0.760117839738722 0 0 0
17.8379696 1.03329290032429 0.947468436649127 0.760117839738722 0 0 0
17.8549696 1.03329290032429 0.947468436649127 0.760117839738722 0 0 0
17.871971 1.03329290032429 0.947468436649127 0.760117839738722 0 0 0
17.9189706 1.00433036427862 0.920267825689928 0.754036897020812 0 0 0
17.9379761 1.00433036427862 0.920267825689928 0.754036897020812 0 0 0
17.9549723 1.00433036427862 0.920267825689928 0.754036897020812 0 0 0
18.0010359 0.985682736477953 0.905892418945401 0.656741813534256 0 0 0
18.0159685 0.969500844867562 0.890879091382481 0.747955954302903 0 0 0
18.0300058 0.969500844867562 0.890879091382481 0.747955954302903 0 0 0
18.042972 0.969500844867562 0.890879091382481 0.747955954302903 0 0 0
18.057971 0.969500844867562 0.890879091382481 0.747955954302903 0 0 0
18.1070637 0.950766146354343 0.876617344880685 0.650660870816346 0 0 0
18.1419766 0.934493259306661 0.861702695446811 0.741875011584993 0 0 0
18.1610155 0.934493259306661 0.861702695446811 0.741875011584993 0 0 0
18.1819715 0.897608048665247 0.827896156730031 0.741875011584993 0 0 0
18.1989786 0.897608048665247 0.827896156730031 0.741875011584993 0 0 0
18.2140093 0.897608048665247 0.827896156730031 0.741875011584993 0 0 0
18.2299804 0.897608048665247 0.827896156730031 0.741875011584993 0 0 0
18.2489768 0.897608048665247 0.827896156730031 0.741875011584993 0 0 0
18.2619955 0.897608048665247 0.827896156730031 0.741875011584993 0 0 0
18.2799825 0.897608048665247 0.827896156730031 0.741875011584993 0 0 0
18.3019787 0.859009466257835 0.793793741802931 0.723632183431263 0 0 0
18.3279847 0.859009466257835 0.793793741802931 0.723632183431263 0 0 0
18.4009928 0.859009466257835 0.793793741802931 0.723632183431263 0 0 0
18.4169713 0.822036030774688 0.762309260033539 0.705389355277534 0 0 0
18.4369709 0.822036030774688 0.762309260033539 0.705389355277534 0 0 0
18.4509741 0.822036030774688 0.762309260033539 0.705389355277534 0 0 0
18.4699747 0.822036030774688 0.762309260033539 0.705389355277534 0 0 0
18.4899741 0.822036030774688 0.762309260033539 0.705389355277534 0 0 0
18.5029697 0.784871824738565 0.731050192334419 0.699308412559624 0 0 0
18.5360162 0.784871824738565 0.731050192334419 0.699308412559624 0 0 0
18.5759735 0.784871824738565 0.731050192334419 0.699308412559624 0 0 0
18.6049711 0.745254367710906 0.698136937156855 0.693227469841714 0 0 0
18.6209687 0.745254367710906 0.698136937156855 0.693227469841714 0 0 0
18.6370223 0.745254367710906 0.698136937156855 0.693227469841714 0 0 0
18.6529853 0.745254367710906 0.698136937156855 0.693227469841714 0 0 0
18.677009 0.706768838026894 0.666164060698649 0.693227469841714 0 0 0
18.6899719 0.706768838026894 0.666164060698649 0.693227469841714 0 0 0
18.7149713 0.706768838026894 0.666164060698649 0.693227469841714 0 0 0
18.7369773 0.706768838026894 0.666164060698649 0.693227469841714 0 0 0
18.7579712 0.706768838026894 0.666164060698649 0.693227469841714 0 0 0
18.7749724 0.706768838026894 0.666164060698649 0.693227469841714 0 0 0
18.8219759 0.684667016177559 0.651564242733787 0.583770500919338 0 0 0
18.8409741 0.666374534121839 0.636739552453587 0.681065584405895 0 0 0
18.8569703 0.666374534121839 0.636739552453587 0.681065584405895 0 0 0
18.8729719 0.666374534121839 0.636739552453587 0.681065584405895 0 0 0
18.9420401 0.629789570010398 0.607090171893188 0.681065584405895 0 0 0
18.9589694 0.629789570010398 0.607090171893188 0.681065584405895 0 0 0
18.9749781 0.629789570010398 0.607090171893188 0.681065584405895 0 0 0
19.0129724 0.591876094028573 0.576744235382855 0.674984641687985 0 0 0
19.0269735 0.591876094028573 0.576744235382855 0.674984641687985 0 0 0
19.0469907 0.591876094028573 0.576744235382855 0.674984641687985 0 0 0
19.0609883 0.591876094028573 0.576744235382855 0.674984641687985 0 0 0
19.0840092 0.553778788259896 0.546629408189569 0.668903698970075 0 0 0
19.098971 0.553778788259896 0.546629408189569 0.668903698970075 0 0 0
19.1169797 0.553778788259896 0.546629408189569 0.668903698970075 0 0 0
19.1569753 0.553778788259896 0.546629408189569 0.668903698970075 0 0 0
19.1929829 0.553778788259896 0.546629408189569 0.668903698970075 0 0 0
19.2500071 0.514527018680047 0.515602010475273 0.668903698970075 0 0 0
19.2709904 0.514527018680047 0.515602010475273 0.668903698970075 0 0 0
19.2879711 0.514527018680047 0.515602010475273 0.668903698970075 0 0 0
19.3039742 0.477584176722542 0.486399753802995 0.668903698970075 0 0 0
19.3249712 0.477584176722542 0.486399753802995 0.668903698970075 0 0 0
19.3409715 0.477584176722542 0.486399753802995 0.668903698970075 0 0 0
19.3569725 0.477584176722542 0.486399753802995 0.668903698970075 0 0 0
19.3709722 0.477584176722542 0.486399753802995 0.668903698970075 0 0 0
19.3869726 0.477584176722542 0.486399753802995 0.668903698970075 0 0 0
19.4209733 0.456462175958819 0.472994109851475 0.565527672765609 0 0 0
19.4369788 0.436836291168894 0.457480410994328 0.668903698970075 0 0 0
19.4539756 0.436836291168894 0.457480410994328 0.668903698970075 0 0 0
19.4709729 0.436836291168894 0.457480410994328 0.668903698970075 0 0 0
19.5259727 0.399893449211389 0.428278154322049 0.668903698970075 0 0 0
19.5399848 0.399893449211389 0.428278154322049 0.668903698970075 0 0 0
19.5559834 0.399893449211389 0.428278154322049 0.668903698970075 0 0 0
19.5749722 0.399893449211389 0.428278154322049 0.668903698970075 0 0 0
19.5899695 0.399893449211389 0.428278154322049 0.668903698970075 0 0 0
19.6229763 0.381401621443812 0.416223863533445 0.577689558201429 0 0 0
19.6389791 0.364084664276232 0.402535305718315 0.668903698970075 0 0 0
19.6559771 0.364084664276232 0.402535305718315 0.668903698970075 0 0 0
19.6719815 0.364084664276232 0.402535305718315 0.668903698970075 0 0 0
19.6900471 0.364084664276232 0.402535305718315 0.668903698970075 0 0 0
19.7489734 0.328468974717547 0.374028516875275 0.674984641687985 0 0 0
19.76999 0.328468974717547 0.374028516875275 0.674984641687985 0 0 0
19.7829709 0.293027290734589 0.345305679457388 0.681065584405895 0 0 0
19.8220282 0.293027290734589 0.345305679457388 0.681065584405895 0 0 0
19.8379909 0.293027290734589 0.345305679457388 0.681065584405895 0 0 0
19.851969 0.293027290734589 0.345305679457388 0.681065584405895 0 0 0
19.865972 0.293027290734589 0.345305679457388 0.681065584405895 0 0 0
19.8819775 0.293027290734589 0.345305679457388 0.681065584405895 0 0 0
19.9009694 0.260036172420036 0.318234811950361 0.687146527123805 0 0 0
19.9249778 0.260036172420036 0.318234811950361 0.687146527123805 0 0 0
19.9549751 0.260036172420036 0.318234811950361 0.687146527123805 0 0 0
19.9739774 0.260036172420036 0.318234811950361 0.687146527123805 0 0 0
20.0039726 0.235260035062621 0.297395433484281 0.699308412559624 0 0 0
20.0179732 0.235260035062621 0.297395433484281 0.699308412559624 0 0 0
20.0359781 0.235260035062621 0.297395433484281 0.699308412559624 0 0 0
20.0509692 0.235260035062621 0.297395433484281 0.699308412559624 0 0 0
20.0669707 0.235260035062621 0.297395433484281 0.699308412559624 0 0 0
20.0839703 0.235260035062621 0.297395433484281 0.699308412559624 0 0 0
20.1019712 0.235260035062621 0.297395433484281 0.699308412559624 0 0 0
20.1570289 0.213972299481415 0.279268004586753 0.705389355277534 0 0 0
20.185974 0.194015317718536 0.261850654254887 0.717551240713354 0 0 0
20.2069704 0.194015317718536 0.261850654254887 0.717551240713354 0 0 0
20.2199736 0.194015317718536 0.261850654254887 0.717551240713354 0 0 0
20.2349731 0.194015317718536 0.261850654254887 0.717551240713354 0 0 0
20.2539873 0.194015317718536 0.261850654254887 0.717551240713354 0 0 0
20.2719887 0.194015317718536 0.261850654254887 0.717551240713354 0 0 0
20.2879829 0.194015317718536 0.261850654254887 0.717551240713354 0 0 0
20.3089698 0.174271634468003 0.244191883477466 0.729713126149173 0 0 0
20.3379765 0.174271634468003 0.244191883477466 0.729713126149173 0 0 0
20.359973 0.174271634468003 0.244191883477466 0.729713126149173 0 0 0
20.3729744 0.174271634468003 0.244191883477466 0.729713126149173 0 0 0
20.4010387 0.15614044425339 0.226955000133335 0.760117839738722 0 0 0
20.4229702 0.15614044425339 0.226955000133335 0.760117839738722 0 0 0
20.4379836 0.15614044425339 0.226955000133335 0.760117839738722 0 0 0
20.4569714 0.15614044425339 0.226955000133335 0.760117839738722 0 0 0
20.4729715 0.15614044425339 0.226955000133335 0.760117839738722 0 0 0
20.5229726 0.14155853656082 0.212400962518952 0.784441610610361 0 0 0
20.5519811 0.14155853656082 0.212400962518952 0.784441610610361 0 0 0
20.5649711 0.14155853656082 0.212400962518952 0.784441610610361 0 0 0
20.581007 0.14155853656082 0.212400962518952 0.784441610610361 0 0 0
20.5939711 0.14155853656082 0.212400962518952 0.784441610610361 0 0 0
20.6329897 0.13619510395977 0.207363812341323 0.754036897020812 0 0 0
20.6489694 0.126100300427245 0.196656239957644 0.81484632419991 0 0 0
20.6629986 0.126100300427245 0.196656239957644 0.81484632419991 0 0 0
20.6819729 0.112336348057588 0.181326345698345 0.839170095071549 0 0 0
20.6969874 0.112336348057588 0.181326345698345 0.839170095071549 0 0 0
20.7109714 0.112336348057588 0.181326345698345 0.839170095071549 0 0 0
20.7330139 0.112336348057588 0.181326345698345 0.839170095071549 0 0 0
20.7829746 0.107256483745592 0.176003351263845 0.808765381482 0 0 0
20.7989903 0.0977625111692818 0.164759613031733 0.869574808661098 0 0 0
20.8199726 0.0977625111692818 0.164759613031733 0.869574808661098 0 0 0
20.8329747 0.0977625111692818 0.164759613031733 0.869574808661098 0 0 0
20.8509718 0.0977625111692818 0.164759613031733 0.869574808661098 0 0 0
20.8690451 0.0977625111692818 0.164759613031733 0.869574808661098 0 0 0
20.8859813 0.0977625111692818 0.164759613031733 0.869574808661098 0 0 0
20.9449875 0.0858704041785881 0.149774306905892 0.899979522250647 0 0 0
20.9599729 0.0858704041785881 0.149774306905892 0.899979522250647 0 0 0
20.9899767 0.0858704041785881 0.149774306905892 0.899979522250647 0 0 0
21.00501 0.0760408304154488 0.1369129831429 0.918222350404376 0 0 0
21.0269717 0.0760408304154488 0.1369129831429 0.918222350404376 0 0 0
21.0409728 0.0760408304154488 0.1369129831429 0.918222350404376 0 0 0
21.0569785 0.0760408304154488 0.1369129831429 0.918222350404376 0 0 0
21.0729706 0.0760408304154488 0.1369129831429 0.918222350404376 0 0 0
21.0899712 0.0760408304154488 0.1369129831429 0.918222350404376 0 0 0
21.1219698 0.0723537500014259 0.132324455669467 0.893898579532737 0 0 0
21.1579702 0.0662489072916959 0.124027232869136 0.936465178558105 0 0 0
21.1789902 0.05595722070597 0.109677197872438 0.948627063993925 0 0 0
21.1909739 0.05595722070597 0.109677197872438 0.948627063993925 0 0 0
21.2069718 0.05595722070597 0.109677197872438 0.948627063993925 0 0 0
21.2259723 0.05595722070597 0.109677197872438 0.948627063993925 0 0 0
21.2399688 0.05595722070597 0.109677197872438 0.948627063993925 0 0 0
21.2559814 0.05595722070597 0.109677197872438 0.948627063993925 0 0 0
21.2729881 0.05595722070597 0.109677197872438 0.948627063993925 0 0 0
21.3089717 0.05595722070597 0.109677197872438 0.948627063993925 0 0 0
21.359103 0.0467647009315608 0.0963530937937918 0.966869892147654 0 0 0
21.3929739 0.0400792320047178 0.0866628362820488 0.966869892147654 0 0 0
21.4079743 0.0400792320047178 0.0866628362820488 0.966869892147654 0 0 0
21.4769919 0.0400792320047178 0.0866628362820488 0.966869892147654 0 0 0
21.5509756 0.0367364975412962 0.0818177075261774 0.966869892147654 0 0 0
21.5920557 0.035864377154192 0.0806323899832729 0.936465178558105 0 0 0
21.6100141 0.035864377154192 0.0806323899832729 0.936465178558105 0 0 0
21.6339692 0.035864377154192 0.0806323899832729 0.936465178558105 0 0 0
21.6489696 0.035864377154192 0.0806323899832729 0.936465178558105 0 0 0
21.6680123 0.035864377154192 0.0806323899832729 0.936465178558105 0 0 0
21.6849788 0.0385451699986845 0.0841400237368163 0.918222350404376 0 0 0
21.7009721 0.0385451699986845 0.0841400237368163 0.918222350404376 0 0 0
21.7350116 0.0385451699986845 0.0841400237368163 0.918222350404376 0 0 0
21.7610379 0.0385451699986845 0.0841400237368163 0.918222350404376 0 0 0
21.778984 0.0385451699986845 0.0841400237368163 0.918222350404376 0 0 0
21.8351572 0.039445860954726 0.0853037794881769 0.912141407686466 0 0 0
21.8549713 0.039445860954726 0.0853037794881769 0.912141407686466 0 0 0
21.8709881 0.039445860954726 0.0853037794881769 0.912141407686466 0 0 0
21.8859694 0.039445860954726 0.0853037794881769 0.912141407686466 0 0 0
21.9099711 0.039445860954726 0.0853037794881769 0.912141407686466 0 0 0
21.9369735 0.039445860954726 0.0853037794881769 0.912141407686466 0 0 0
21.9569943 0.039445860954726 0.0853037794881769 0.912141407686466 0 0 0
21.9729718 0.039445860954726 0.0853037794881769 0.912141407686466 0 0 0
21.9879737 0.039445860954726 0.0853037794881769 0.912141407686466 0 0 0
22.0019736 0.039445860954726 0.0853037794881769 0.912141407686466 0 0 0
22.0209755 0.039445860954726 0.0853037794881769 0.912141407686466 0 0 0
22.0449839 0.039445860954726 0.0853037794881769 0.912141407686466 0 0 0
22.0569711 0.039445860954726 0.0853037794881769 0.912141407686466 0 0 0
22.0749717 0.039445860954726 0.0853037794881769 0.912141407686466 0 0 0
22.1049756 0.039445860954726 0.0853037794881769 0.912141407686466 0 0 0
22.1289724 0.039445860954726 0.0853037794881769 0.912141407686466 0 0 0
22.141972 0.039445860954726 0.0853037794881769 0.912141407686466 0 0 0
22.1579706 0.039445860954726 0.0853037794881769 0.912141407686466 0 0 0
22.1739713 0.039445860954726 0.0853037794881769 0.912141407686466 0 0 0
22.1889827 0.039445860954726 0.0853037794881769 0.912141407686466 0 0 0
22.206969 0.039445860954726 0.0853037794881769 0.912141407686466 0 0 0
22.2239767 0.039445860954726 0.0853037794881769 0.912141407686466 0 0 0
22.2619731 0.039445860954726 0.0853037794881769 0.912141407686466 0 0 0
22.2759926 0.039445860954726 0.0853037794881769 0.912141407686466 0 0 0
22.2899707 0.039445860954726 0.0853037794881769 0.912141407686466 0 0 0
22.3269742 0.039445860954726 0.0853037794881769 0.912141407686466 0 0 0
22.3430132 0.039445860954726 0.0853037794881769 0.912141407686466 0 0 0
22.3579709 0.039445860954726 0.0853037794881769 0.912141407686466 0 0 0
22.3739732 0.039445860954726 0.0853037794881769 0.912141407686466 0 0 0
22.3939692 0.039445860954726 0.0853037794881769 0.912141407686466 0 0 0
22.4090041 0.039445860954726 0.0853037794881769 0.912141407686466 0 0 0
22.425976 0.039445860954726 0.0853037794881769 0.912141407686466 0 0 0
22.4439707 0.039445860954726 0.0853037794881769 0.912141407686466 0 0 0
22.4619724 0.039445860954726 0.0853037794881769 0.912141407686466 0 0 0
22.4879784 0.039445860954726 0.0853037794881769 0.912141407686466 0 0 0
22.5019756 0.039445860954726 0.0853037794881769 0.912141407686466 0 0 0
22.5339854 0.039445860954726 0.0853037794881769 0.912141407686466 0 0 0
22.5519833 0.039445860954726 0.0853037794881769 0.912141407686466 0 0 0
22.5659837 0.039445860954726 0.0853037794881769 0.912141407686466 0 0 0
22.5829753 0.039445860954726 0.0853037794881769 0.912141407686466 0 0 0
22.6039736 0.039445860954726 0.0853037794881769 0.912141407686466 0 0 0
22.6300124 0.039445860954726 0.0853037794881769 0.912141407686466 0 0 0
22.6629911 0.039445860954726 0.0853037794881769 0.912141407686466 0 0 0
22.6879697 0.039445860954726 0.0853037794881769 0.912141407686466 0 0 0
22.7029718 0.039445860954726 0.0853037794881769 0.912141407686466 0 0 0
22.7350305 0.039445860954726 0.0853037794881769 0.912141407686466 0 0 0
22.7739714 0.039445860954726 0.0853037794881769 0.912141407686466 0 0 0
22.8160184 0.039445860954726 0.0853037794881769 0.912141407686466 0 0 0
22.8379746 0.039445860954726 0.0853037794881769 0.912141407686466 0 0 0
22.8769713 0.039445860954726 0.0853037794881769 0.912141407686466 0 0 0
22.8919757 0.039445860954726 0.0853037794881769 0.912141407686466 0 0 0
22.9069709 0.039445860954726 0.0853037794881769 0.912141407686466 0 0 0
22.9209845 0.039445860954726 0.0853037794881769 0.912141407686466 0 0 0
22.9449749 0.039445860954726 0.0853037794881769 0.912141407686466 0 0 0
22.9589768 0.039445860954726 0.0853037794881769 0.912141407686466 0 0 0
23.0030012 0.039445860954726 0.0853037794881769 0.912141407686466 0 0 0
23.0229827 0.039445860954726 0.0853037794881769 0.912141407686466 0 0 0
23.0560321 0.039445860954726 0.0853037794881769 0.912141407686466 0 0 0
23.0944059 0.039445860954726 0.0853037794881769 0.912141407686466 0 0 0
23.1239759 0.039445860954726 0.0853037794881769 0.912141407686466 0 0 0
23.155004 0.039445860954726 0.0853037794881769 0.912141407686466 0 0 0
23.1800013 0.039445860954726 0.0853037794881769 0.912141407686466 0 0 0
23.1939715 0.039445860954726 0.0853037794881769 0.912141407686466 0 0 0
23.2099795 0.039445860954726 0.0853037794881769 0.912141407686466 0 0 0
23.2269692 0.039445860954726 0.0853037794881769 0.912141407686466 0 0 0
23.2529748 0.039445860954726 0.0853037794881769 0.912141407686466 0 0 0
23.2699728 0.039445860954726 0.0853037794881769 0.912141407686466 0 0 0
23.3189759 0.039445860954726 0.0853037794881769 0.912141407686466 0 0 0
23.3569877 0.039445860954726 0.0853037794881769 0.912141407686466 0 0 0
23.3769763 0.039445860954726 0.0853037794881769 0.912141407686466 0 0 0
23.4009717 0.039445860954726 0.0853037794881769 0.912141407686466 0 0 0
23.416047 0.039445860954726 0.0853037794881769 0.912141407686466 0 0 0
23.4349769 0.039445860954726 0.0853037794881769 0.912141407686466 0 0 0
23.4509888 0.039445860954726 0.0853037794881769 0.912141407686466 0 0 0
23.4869756 0.039445860954726 0.0853037794881769 0.912141407686466 0 0 0
23.5199794 0.039445860954726 0.0853037794881769 0.912141407686466 0 0 0
23.5359888 0.039445860954726 0.0853037794881769 0.912141407686466 0 0 0
23.583179 0.039445860954726 0.0853037794881769 0.912141407686466 0 0 0
23.6019789 0.039445860954726 0.0853037794881769 0.912141407686466 0 0 0
23.6209696 0.039445860954726 0.0853037794881769 0.912141407686466 0 0 0
23.6369694 0.039445860954726 0.0853037794881769 0.912141407686466 0 0 0
23.64997 0.039445860954726 0.0853037794881769 0.912141407686466 0 0 0
23.6889711 0.039445860954726 0.0853037794881769 0.912141407686466 0 0 0
23.7439981 0.039445860954726 0.0853037794881769 0.912141407686466 0 0 0
23.7749724 0.039445860954726 0.0853037794881769 0.912141407686466 0 0 0
23.7899722 0.039445860954726 0.0853037794881769 0.912141407686466 0 0 0
23.8089719 0.039445860954726 0.0853037794881769 0.912141407686466 0 0 0
23.8259701 0.039445860954726 0.0853037794881769 0.912141407686466 0 0 0
23.8399808 0.039445860954726 0.0853037794881769 0.912141407686466 0 0 0
23.9699862 0.039445860954726 0.0853037794881769 0.912141407686466 0 0 0
24.0209881 0.039445860954726 0.0853037794881769 0.912141407686466 0 0 0
24.0689848 0.039445860954726 0.0853037794881769 0.912141407686466 0 0 0
24.0890093 0.039445860954726 0.0853037794881769 0.912141407686466 0 0 0
24.1199739 0.039445860954726 0.0853037794881769 0.912141407686466 0 0 0
24.1449951 0.039445860954726 0.0853037794881769 0.912141407686466 0 0 0
24.167983 0.039445860954726 0.0853037794881769 0.912141407686466 0 0 0
24.1839738 0.039445860954726 0.0853037794881769 0.912141407686466 0 0 0
24.1999704 0.039445860954726 0.0853037794881769 0.912141407686466 0 0 0
24.2139737 0.039445860954726 0.0853037794881769 0.912141407686466 0 0 0
24.2310231 0.039445860954726 0.0853037794881769 0.912141407686466 0 0 0
24.2459701 0.039445860954726 0.0853037794881769 0.912141407686466 0 0 0
24.2579692 0.039445860954726 0.0853037794881769 0.912141407686466 0 0 0
24.2840156 0.039445860954726 0.0853037794881769 0.912141407686466 0 0 0
24.2999923 0.039445860954726 0.0853037794881769 0.912141407686466 0 0 0
24.3359887 0.039445860954726 0.0853037794881769 0.912141407686466 0 0 0
24.3719709 0.039445860954726 0.0853037794881769 0.912141407686466 0 0 0
24.38497 0.039445860954726 0.0853037794881769 0.912141407686466 0 0 0
24.3989708 0.039445860954726 0.0853037794881769 0.912141407686466 0 0 0
24.4190038 0.039445860954726 0.0853037794881769 0.912141407686466 0 0 0
24.4359728 0.039445860954726 0.0853037794881769 0.912141407686466 0 0 0
24.451974 0.039445860954726 0.0853037794881769 0.912141407686466 0 0 0
24.4739892 0.039445860954726 0.0853037794881769 0.912141407686466 0 0 0
24.5199715 0.039445860954726 0.0853037794881769 0.912141407686466 0 0 0
24.5379747 0.039445860954726 0.0853037794881769 0.912141407686466 0 0 0
24.5549697 0.039445860954726 0.0853037794881769 0.912141407686466 0 0 0
24.5709834 0.039445860954726 0.0853037794881769 0.912141407686466 0 0 0
24.5879848 0.039445860954726 0.0853037794881769 0.912141407686466 0 0 0
24.6040013 0.039445860954726 0.0853037794881769 0.912141407686466 0 0 0
24.6220262 0.039445860954726 0.0853037794881769 0.912141407686466 0 0 0
24.6389705 0.039445860954726 0.0853037794881769 0.912141407686466 0 0 0
24.6579718 0.039445860954726 0.0853037794881769 0.912141407686466 0 0 0
24.6909957 0.039445860954726 0.0853037794881769 0.912141407686466 0 0 0
24.7189885 0.039445860954726 0.0853037794881769 0.912141407686466 0 0 0
24.7459693 0.039445860954726 0.0853037794881769 0.912141407686466 0 0 0
24.7799712 0.039445860954726 0.0853037794881769 0.912141407686466 0 0 0
24.7939722 0.039445860954726 0.0853037794881769 0.912141407686466 0 0 0
24.8130101 0.039445860954726 0.0853037794881769 0.912141407686466 0 0 0
24.8309831 0.039445860954726 0.0853037794881769 0.912141407686466 0 0 0
24.8489942 0.039445860954726 0.0853037794881769 0.912141407686466 0 0 0
24.892988 0.039445860954726 0.0853037794881769 0.912141407686466 0 0 0
24.9230161 0.039445860954726 0.0853037794881769 0.912141407686466 0 0 0
24.9479861 0.039445860954726 0.0853037794881769 0.912141407686466 0 0 0
24.980979 0.039445860954726 0.0853037794881769 0.912141407686466 0 0 0
24.9929749 0.039445860954726 0.0853037794881769 0.912141407686466 0 0 0
25.0110704 0.039445860954726 0.0853037794881769 0.912141407686466 0 0 0
25.0310254 0.039445860954726 0.0853037794881769 0.912141407686466 0 0 0
25.0469973 0.039445860954726 0.0853037794881769 0.912141407686466 0 0 0
25.0619718 0.039445860954726 0.0853037794881769 0.912141407686466 0 0 0
25.0989854 0.039445860954726 0.0853037794881769 0.912141407686466 0 0 0
25.1199719 0.039445860954726 0.0853037794881769 0.912141407686466 0 0 0
25.1610096 0.039445860954726 0.0853037794881769 0.912141407686466 0 0 0
25.192977 0.039445860954726 0.0853037794881769 0.912141407686466 0 0 0
25.2089968 0.039445860954726 0.0853037794881769 0.912141407686466 0 0 0
25.2219705 0.039445860954726 0.0853037794881769 0.912141407686466 0 0 0
25.2369716 0.039445860954726 0.0853037794881769 0.912141407686466 0 0 0
25.2549722 0.039445860954726 0.0853037794881769 0.912141407686466 0 0 0
25.2700078 0.039445860954726 0.0853037794881769 0.912141407686466 0 0 0
25.3049768 0.039445860954726 0.0853037794881769 0.912141407686466 0 0 0
25.3269762 0.039445860954726 0.0853037794881769 0.912141407686466 0 0 0
25.3550102 0.039445860954726 0.0853037794881769 0.912141407686466 0 0 0
25.3739716 0.039445860954726 0.0853037794881769 0.912141407686466 0 0 0
25.3889708 0.039445860954726 0.0853037794881769 0.912141407686466 0 0 0
25.4029746 0.039445860954726 0.0853037794881769 0.912141407686466 0 0 0
25.4229713 0.039445860954726 0.0853037794881769 0.912141407686466 0 0 0
25.4399699 0.039445860954726 0.0853037794881769 0.912141407686466 0 0 0
25.4539748 0.039445860954726 0.0853037794881769 0.912141407686466 0 0 0
25.4700135 0.039445860954726 0.0853037794881769 0.912141407686466 0 0 0
25.5389817 0.039445860954726 0.0853037794881769 0.912141407686466 0 0 0
25.554026 0.039445860954726 0.0853037794881769 0.912141407686466 0 0 0
25.5739856 0.039445860954726 0.0853037794881769 0.912141407686466 0 0 0
25.5890249 0.039445860954726 0.0853037794881769 0.912141407686466 0 0 0
25.6060257 0.039445860954726 0.0853037794881769 0.912141407686466 0 0 0
25.6240176 0.039445860954726 0.0853037794881769 0.912141407686466 0 0 0
25.6389711 0.039445860954726 0.0853037794881769 0.912141407686466 0 0 0
25.6569715 0.039445860954726 0.0853037794881769 0.912141407686466 0 0 0
25.6759696 0.039445860954726 0.0853037794881769 0.912141407686466 0 0 0
25.6949692 0.039445860954726 0.0853037794881769 0.912141407686466 0 0 0
25.7179785 0.039445860954726 0.0853037794881769 0.912141407686466 0 0 0
25.7549848 0.039445860954726 0.0853037794881769 0.912141407686466 0 0 0
25.7709791 0.039445860954726 0.0853037794881769 0.912141407686466 0 0 0
25.7849692 0.039445860954726 0.0853037794881769 0.912141407686466 0 0 0
25.7990154 0.039445860954726 0.0853037794881769 0.912141407686466 0 0 0
25.8119711 0.039445860954726 0.0853037794881769 0.912141407686466 0 0 0
25.8279718 0.039445860954726 0.0853037794881769 0.912141407686466 0 0 0
25.843972 0.039445860954726 0.0853037794881769 0.912141407686466 0 0 0
25.85797 0.039445860954726 0.0853037794881769 0.912141407686466 0 0 0
25.8769902 0.039445860954726 0.0853037794881769 0.912141407686466 0 0 0
25.9439753 0.039445860954726 0.0853037794881769 0.912141407686466 0 0 0
25.9629976 0.039445860954726 0.0853037794881769 0.912141407686466 0 0 0
25.9859749 0.039445860954726 0.0853037794881769 0.912141407686466 0 0 0
26.0019733 0.039445860954726 0.0853037794881769 0.912141407686466 0 0 0
26.0170164 0.039445860954726 0.0853037794881769 0.912141407686466 0 0 0
26.030972 0.039445860954726 0.0853037794881769 0.912141407686466 0 0 0
26.0499807 0.039445860954726 0.0853037794881769 0.912141407686466 0 0 0
26.0729706 0.039445860954726 0.0853037794881769 0.912141407686466 0 0 0
