0.0049887 0 0 0 0 0 0
0.0199915 0 0 0 0 0 0
0.0449861 0 0 0 0 0 0
0.0619884 0 0 0 0 0 0
0.0819928 0 0 0 0 0 0
0.1000045 0 0 0 0 0 0
0.1129882 0 0 0 0 0 0
0.1269923 0 0 0 0 0 0
0.1429861 0 0 0 0 0 0
0.1579928 0 0 0 0 0 0
0.174997 0 0 0 0 0 0
0.202107 0 0 0 0 0 0
0.2179869 0 0 0 0 0 0
0.2340373 0 0 0 0 0 0
0.2469897 0 0 0 0 0 0
0.2779908 0 0 0 0 0 0
0.3300157 0 0 0 0 0 0
0.3639989 0 0 0 0 0 0
0.381014 0 0 0 0 0 0
0.3960292 0 0 0 0 0 0
0.4099945 0 0 0 0 0 0
0.4259892 0 0 0 0 0 0
0.4529884 0 0 0 0 0 0
0.5109878 0 0 0 0 0 0
0.5239864 0 0 0 0 0 0
0.5379875 0 0 0 0 0 0
0.5589898 0 0 0 0 0 0
0.5729856 0 0 0 0 0 0
0.590988 0 0 0 0 0 0
0.60699 0 0 0 0 0 0
0.6219875 0 0 0 0 0 0
0.6449879 0 0 0 0 0 0
0.657988 0 0 0 0 0 0
0.6750188 0 0 0 0 0 0
0.6949959 0 0 0 0 0 0
0.707991 0 0 0 0 0 0
0.7220141 0 0 0 0 0 0
0.7380097 0 0 0 0 0 0
0.7560615 0 0 0 0 0 0
0.7749928 0 0 0 0 0 0
0.8020255 0 0 0 2 2 0
0.8200602 0 0 0 2 2 0
0.8410214 0 0 0 2 2 0
0.8849949 0 0 0 2 2 0
0.9269866 0.00147156092972475 8.94858801973343E-06 0.00608094271790978 2 2 0
0.9419861 0.00147156092972475 8.94858801973343E-06 0.00608094271790978 2 2 0
0.9580207 0.00147156092972475 8.94858801973343E-06 0.00608094271790978 2 2 0
0.9749896 0.00147156092972475 8.94858801973343E-06 0.00608094271790978 2 2 0
0.9969899 0.0102930917844581 0.000384678112150748 0.0425665990253684 2 2 0
1.0099958 0.0102930917844581 0.000384678112150748 0.0425665990253684 2 2 0
1.0279866 0.0102930917844581 0.000384678112150748 0.0425665990253684 2 2 0
1.0970176 0.02783441503453 0.00242043247399234 0.115537911640286 2 2 0
1.1209971 0.0322283001108047 0.00284928998012795 0.0972950834865565 2 2 0
1.1550268 0.0322283001108047 0.00284928998012795 0.0972950834865565 2 2 0
1.1690017 0.0322283001108047 0.00284928998012795 0.0972950834865565 2 2 0
1.2030341 0.0627160571553988 0.00790040537869959 0.164185453383564 2 2 0
1.2189921 0.0627160571553988 0.00790040537869959 0.164185453383564 2 2 0
1.2360031 0.0627160571553988 0.00790040537869959 0.164185453383564 2 2 0
1.284994 0.0627160571553988 0.00790040537869959 0.164185453383564 2 2 0
1.330002 0.0970456145991032 0.0161980408527648 0.237156765998481 2 2 0
1.3480029 0.0970456145991032 0.0161980408527648 0.237156765998481 2 2 0
1.37205 0.0970456145991032 0.0161980408527648 0.237156765998481 2 2 0
1.3889875 0.0970456145991032 0.0161980408527648 0.237156765998481 2 2 0
1.446 0.133481631774538 0.0278746450613738 0.310128078613399 2 2 0
1.5309966 0.170423929292458 0.0425023032761351 0.377018448510406 2 2 0
1.5449999 0.170423929292458 0.0425023032761351 0.377018448510406 2 2 0
1.560092 0.170423929292458 0.0425023032761351 0.377018448510406 2 2 0
1.5769895 0.170423929292458 0.0425023032761351 0.377018448510406 2 2 0
1.6090259 0.207526556482404 0.0604244467569208 0.449989761125324 2 2 0
1.6260186 0.207526556482404 0.0604244467569208 0.449989761125324 2 2 0
1.6419866 0.207526556482404 0.0604244467569208 0.449989761125324 2 2 0
1.6729955 0.207526556482404 0.0604244467569208 0.449989761125324 2 2 0
1.7440077 0.244881367256748 0.0810609161070979 0.504718245586511 2 2 0
1.7849987 0.244881367256748 0.0810609161070979 0.504718245586511 2 2 0
1.8099877 0.281051410320007 0.103709839702489 0.559446730047699 2 2 0
1.8260037 0.281051410320007 0.103709839702489 0.559446730047699 2 2 0
1.9439994 0.281051410320007 0.103709839702489 0.559446730047699 2 2 0
2.0470132 0.319700648250942 0.130613032338471 0.608094271790978 2 2 0
2.1199952 0.358340963934456 0.160027884498425 0.650660870816346 2 2 0
2.1579855 0.358340963934456 0.160027884498425 0.650660870816346 2 2 0
2.1729876 0.396069208174379 0.190603808201337 0.681065584405895 2 2 0
2.2059852 0.435079675469822 0.224234281125652 0.711470297995444 2 2 0
2.221027 0.435079675469822 0.224234281125652 0.711470297995444 2 2 0
2.237987 0.435079675469822 0.224234281125652 0.711470297995444 2 2 0
2.2540031 0.435079675469822 0.224234281125652 0.711470297995444 2 2 0
2.3399883 0.475204727545134 0.258825624704948 0.711470297995444 2 2 0
2.3599877 0.475204727545134 0.258825624704948 0.711470297995444 2 2 0
2.3749886 0.475204727545134 0.258825624704948 0.711470297995444 2 2 0
2.3909863 0.475204727545134 0.258825624704948 0.711470297995444 2 2 0
2.4410087 0.512700493312334 0.291953684919846 0.723632183431263 2 2 0
2.4710038 0.512700493312334 0.291953684919846 0.723632183431263 2 2 0
2.4969855 0.531380142956869 0.312758541414609 0.839170095071549 2 2 0
2.5099854 0.551123826207402 0.33041731219203 0.729713126149173 2 2 0
2.5459898 0.551123826207402 0.33041731219203 0.729713126149173 2 2 0
2.5599892 0.551123826207402 0.33041731219203 0.729713126149173 2 2 0
2.5739874 0.551123826207402 0.33041731219203 0.729713126149173 2 2 0
2.5979879 0.595850126924667 0.370912792964054 0.735794068867083 2 2 0
2.6109854 0.595850126924667 0.370912792964054 0.735794068867083 2 2 0
2.6259886 0.595850126924667 0.370912792964054 0.735794068867083 2 2 0
2.6439874 0.595850126924667 0.370912792964054 0.735794068867083 2 2 0
2.7019901 0.617528604279052 0.396905696244023 0.875655751379008 2 2 0
2.7180242 0.641395505282319 0.418780515413705 0.741875011584993 2 2 0
2.7309883 0.641395505282319 0.418780515413705 0.741875011584993 2 2 0
2.7459862 0.641395505282319 0.418780515413705 0.741875011584993 2 2 0
2.7619901 0.641395505282319 0.418780515413705 0.741875011584993 2 2 0
2.7849869 0.689941180113491 0.463820498102466 0.747955954302902 2 2 0
2.7989976 0.689941180113491 0.463820498102466 0.747955954302902 2 2 0
2.8129882 0.689941180113491 0.463820498102466 0.747955954302902 2 2 0
2.8289867 0.689941180113491 0.463820498102466 0.747955954302902 2 2 0
2.8449937 0.689941180113491 0.463820498102466 0.747955954302902 2 2 0
2.864988 0.689941180113491 0.463820498102466 0.747955954302902 2 2 0
2.9079994 0.689941180113491 0.463820498102466 0.747955954302902 2 2 0
2.9289891 0.736868966551312 0.508433607934336 0.760117839738722 2 2 0
2.9469879 0.736868966551312 0.508433607934336 0.760117839738722 2 2 0
2.9670626 0.736868966551312 0.508433607934336 0.760117839738722 2 2 0
2.9840127 0.736868966551312 0.508433607934336 0.760117839738722 2 2 0
3.004989 0.779831518861134 0.55079567867969 0.778360667892451 2 2 0
3.0179878 0.779831518861134 0.55079567867969 0.778360667892451 2 2 0
3.0359975 0.779831518861134 0.55079567867969 0.778360667892451 2 2 0
3.0610041 0.779831518861134 0.55079567867969 0.778360667892451 2 2 0
3.1019948 0.798894289687398 0.575119080267569 0.906060464968557 2 2 0
3.1219925 0.81856354618396 0.594990962752193 0.790522553328271 2 2 0
3.1430074 0.81856354618396 0.594990962752193 0.790522553328271 2 2 0
3.1569908 0.81856354618396 0.594990962752193 0.790522553328271 2 2 0
3.1729887 0.81856354618396 0.594990962752193 0.790522553328271 2 2 0
3.188986 0.81856354618396 0.594990962752193 0.790522553328271 2 2 0
3.2049875 0.81856354618396 0.594990962752193 0.790522553328271 2 2 0
3.2279861 0.856154542092727 0.634381121567489 0.808765381482 2 2 0
3.240989 0.856154542092727 0.634381121567489 0.808765381482 2 2 0
3.257991 0.856154542092727 0.634381121567489 0.808765381482 2 2 0
3.3200114 0.892260760661285 0.6731486574106 0.82092726691782 2 2 0
3.3469888 0.892260760661285 0.6731486574106 0.82092726691782 2 2 0
3.3609853 0.892260760661285 0.6731486574106 0.82092726691782 2 2 0
3.3759854 0.892260760661285 0.6731486574106 0.82092726691782 2 2 0
3.3889874 0.892260760661285 0.6731486574106 0.82092726691782 2 2 0
3.4109885 0.926361078198257 0.709762441262428 0.82092726691782 2 2 0
3.4269868 0.926361078198257 0.709762441262428 0.82092726691782 2 2 0
3.442988 0.926361078198257 0.709762441262428 0.82092726691782 2 2 0
3.4689899 0.926361078198257 0.709762441262428 0.82092726691782 2 2 0
3.4949874 0.942931365553238 0.732283474577612 0.936465178558106 2 2 0
3.5190057 0.959757622546678 0.750796369586453 0.833089152353639 2 2 0
3.5319896 0.959757622546678 0.750796369586453 0.833089152353639 2 2 0
3.5779898 0.974583669127451 0.770946767815828 0.936465178558106 2 2 0
3.5960157 0.990313900407059 0.788466646969313 0.839170095071549 2 2 0
3.6109975 0.990313900407059 0.788466646969313 0.839170095071549 2 2 0
3.6270602 0.990313900407059 0.788466646969313 0.839170095071549 2 2 0
3.6569966 0.990313900407059 0.788466646969313 0.839170095071549 2 2 0
3.6709872 0.990313900407059 0.788466646969313 0.839170095071549 2 2 0
3.7180433 1.02449009604534 0.826999917261571 0.845251037789459 2 2 0
3.7319849 1.02449009604534 0.826999917261571 0.845251037789459 2 2 0
3.7550166 1.02449009604534 0.826999917261571 0.845251037789459 2 2 0
3.7699879 1.02449009604534 0.826999917261571 0.845251037789459 2 2 0
3.8010027 1.06037084244426 0.867954033327764 0.851331980507369 2 2 0
3.8180271 1.06037084244426 0.867954033327764 0.851331980507369 2 2 0
3.8359877 1.06037084244426 0.867954033327764 0.851331980507369 2 2 0
3.8509939 1.06037084244426 0.867954033327764 0.851331980507369 2 2 0
3.8659945 1.06037084244426 0.867954033327764 0.851331980507369 2 2 0
3.8879852 1.06037084244426 0.867954033327764 0.851331980507369 2 2 0
3.934995 1.09792788977681 0.911351068605876 0.857412923225278 2 2 0
3.9639951 1.09792788977681 0.911351068605876 0.857412923225278 2 2 0
3.9769867 1.09792788977681 0.911351068605876 0.857412923225278 2 2 0
4.0229883 1.13590378008206 0.956326021534324 0.869574808661098 2 2 0
4.0399877 1.13590378008206 0.956326021534324 0.869574808661098 2 2 0
4.0699915 1.13590378008206 0.956326021534324 0.869574808661098 2 2 0
4.1110372 1.17454802232248 1.00266119694644 0.875655751379008 2 2 0
4.1239918 1.17454802232248 1.00266119694644 0.875655751379008 2 2 0
4.1400302 1.17454802232248 1.00266119694644 0.875655751379008 2 2 0
4.1529869 1.17454802232248 1.00266119694644 0.875655751379008 2 2 0
4.1759889 1.17454802232248 1.00266119694644 0.875655751379008 2 2 0
4.1929883 1.21224972206924 1.047866246129 0.875655751379008 2 2 0
4.2059863 1.21224972206924 1.047866246129 0.875655751379008 2 2 0
4.2239881 1.21224972206924 1.047866246129 0.875655751379008 2 2 0
4.2439898 1.21224972206924 1.047866246129 0.875655751379008 2 2 0
4.2709968 1.21224972206924 1.047866246129 0.875655751379008 2 2 0
4.2929909 1.21224972206924 1.047866246129 0.875655751379008 2 2 0
4.3129877 1.24819875610596 1.09260438899497 0.893898579532737 2 2 0
4.3269877 1.24819875610596 1.09260438899497 0.893898579532737 2 2 0
4.3440101 1.24819875610596 1.09260438899497 0.893898579532737 2 2 0
4.3840029 1.26308301490329 1.11627357158889 1.00943649117302 2 2 0
4.3979872 1.27851478176264 1.13596394430289 0.906060464968557 2 2 0
4.4120326 1.27851478176264 1.13596394430289 0.906060464968557 2 2 0
4.428025 1.27851478176264 1.13596394430289 0.906060464968557 2 2 0
4.4449897 1.27851478176264 1.13596394430289 0.906060464968557 2 2 0
4.4619885 1.27851478176264 1.13596394430289 0.906060464968557 2 2 0
4.4749883 1.27851478176264 1.13596394430289 0.906060464968557 2 2 0
4.5199859 1.30599538990475 1.17237727330508 0.924303293122286 2 2 0
4.5340005 1.30599538990475 1.17237727330508 0.924303293122286 2 2 0
4.5469873 1.30599538990475 1.17237727330508 0.924303293122286 2 2 0
4.5699869 1.30599538990475 1.17237727330508 0.924303293122286 2 2 0
4.5839879 1.30599538990475 1.17237727330508 0.924303293122286 2 2 0
4.6029879 1.33280718013128 1.20928583948871 0.942546121276015 2 2 0
4.6169961 1.33280718013128 1.20928583948871 0.942546121276015 2 2 0
4.6409906 1.33280718013128 1.20928583948871 0.942546121276015 2 2 0
4.6719885 1.33280718013128 1.20928583948871 0.942546121276015 2 2 0
4.6859892 1.33280718013128 1.20928583948871 0.942546121276015 2 2 0
4.7039892 1.33280718013128 1.20928583948871 0.942546121276015 2 2 0
4.7229867 1.35661706203359 1.24291466187576 0.954708006711835 2 2 0
4.7369883 1.35661706203359 1.24291466187576 0.954708006711835 2 2 0
4.7579889 1.35661706203359 1.24291466187576 0.954708006711835 2 2 0
4.771986 1.35661706203359 1.24291466187576 0.954708006711835 2 2 0
4.7879874 1.35661706203359 1.24291466187576 0.954708006711835 2 2 0
4.8220544 1.38063783374461 1.27818856556723 0.972950834865564 2 2 0
4.8390066 1.38063783374461 1.27818856556723 0.972950834865564 2 2 0
4.8649942 1.38063783374461 1.27818856556723 0.972950834865564 2 2 0
4.9449987 1.39134881404057 1.29748956351297 1.06416497563421 2 2 0
5.0110033 1.40192364550848 1.31343178882152 0.985112720301384 2 2 0
5.025987 1.42529696019328 1.34913800558937 0.991193663019294 2 2 0
5.0429875 1.42529696019328 1.34913800558937 0.991193663019294 2 2 0
5.0730001 1.42529696019328 1.34913800558937 0.991193663019294 2 2 0
5.1200108 1.44992368122239 1.3857786809893 0.979031777583474 2 2 0
5.1350181 1.44992368122239 1.3857786809893 0.979031777583474 2 2 0
5.1479879 1.44992368122239 1.3857786809893 0.979031777583474 2 2 0
5.1599874 1.44992368122239 1.3857786809893 0.979031777583474 2 2 0
5.194989 1.46166174236758 1.40787094494231 1.08240780378794 2 2 0
5.210986 1.47106232687116 1.42281990237005 1.00943649117302 2 2 0
5.2269877 1.47106232687116 1.42281990237005 1.00943649117302 2 2 0
5.265988 1.47106232687116 1.42281990237005 1.00943649117302 2 2 0
5.2979869 1.49311761023552 1.4593549571934 1.02767931932675 2 2 0
5.312987 1.49311761023552 1.4593549571934 1.02767931932675 2 2 0
5.3299868 1.49311761023552 1.4593549571934 1.02767931932675 2 2 0
5.3450184 1.49311761023552 1.4593549571934 1.02767931932675 2 2 0
5.3699922 1.49311761023552 1.4593549571934 1.02767931932675 2 2 0
5.3979991 1.51441236658731 1.49463018254009 1.02767931932675 2 2 0
5.4140019 1.51441236658731 1.49463018254009 1.02767931932675 2 2 0
5.4479857 1.51441236658731 1.49463018254009 1.02767931932675 2 2 0
5.5009945 1.51441236658731 1.49463018254009 1.02767931932675 2 2 0
5.5171 1.532080365251 1.52349935683633 1.02159837660884 2 2 0
5.5340764 1.532080365251 1.52349935683633 1.02159837660884 2 2 0
5.550015 1.532080365251 1.52349935683633 1.02159837660884 2 2 0
5.5740171 1.532080365251 1.52349935683633 1.02159837660884 2 2 0
5.6079874 1.53773018643629 1.53382776939538 1.07024591835212 2 2 0
5.6219895 1.54556400685593 1.5462852339185 1.00943649117302 2 2 0
5.6380216 1.54556400685593 1.5462852339185 1.00943649117302 2 2 0
5.6609958 1.54556400685593 1.5462852339185 1.00943649117302 2 2 0
5.708007 1.55067163567898 1.55523091100382 1.05200309019839 2 2 0
5.7239875 1.55699917827292 1.56515858898699 1.00335554845511 2 2 0
5.7410031 1.55699917827292 1.56515858898699 1.00335554845511 2 2 0
5.7569879 1.55699917827292 1.56515858898699 1.00335554845511 2 2 0
5.7929892 1.56147007373617 1.57277250211054 1.03984120476257 2 2 0
5.806986 1.56705939425082 1.58142539219961 0.997274605737203 2 2 0
5.8249886 1.56705939425082 1.58142539219961 0.997274605737203 2 2 0
5.8499985 1.56705939425082 1.58142539219961 0.997274605737203 2 2 0
5.8890399 1.57753708704055 1.59743162730244 0.991193663019294 2 2 0
5.9069977 1.57753708704055 1.59743162730244 0.991193663019294 2 2 0
5.9249982 1.57753708704055 1.59743162730244 0.991193663019294 2 2 0
5.9420073 1.57753708704055 1.59743162730244 0.991193663019294 2 2 0
5.9590338 1.57753708704055 1.59743162730244 0.991193663019294 2 2 0
5.9719877 1.57753708704055 1.59743162730244 0.991193663019294 2 2 0
5.9979863 1.58574599405025 1.60964518576908 0.979031777583474 2 2 0
6.0139857 1.58574599405025 1.60964518576908 0.979031777583474 2 2 0
6.0279889 1.58574599405025 1.60964518576908 0.979031777583474 2 2 0
6.0479874 1.58574599405025 1.60964518576908 0.979031777583474 2 2 0
6.0699972 1.58574599405025 1.60964518576908 0.979031777583474 2 2 0
6.0979858 1.5932007163054 1.6205922593285 0.972950834865564 2 2 0
6.1109869 1.5932007163054 1.6205922593285 0.972950834865564 2 2 0
6.1269876 1.5932007163054 1.6205922593285 0.972950834865564 2 2 0
6.1409943 1.5932007163054 1.6205922593285 0.972950834865564 2 2 0
6.1589928 1.5932007163054 1.6205922593285 0.972950834865564 2 2 0
6.2080054 1.5932007163054 1.6205922593285 0.972950834865564 2 2 0
6.2240006 1.60239323607981 1.63391636340715 0.966869892147654 2 2 0
6.2599992 1.60239323607981 1.63391636340715 0.966869892147654 2 2 0
6.2860178 1.61089676533064 1.64592665711681 0.954708006711835 2 2 0
6.3059916 1.61089676533064 1.64592665711681 0.954708006711835 2 2 0
6.3209851 1.61089676533064 1.64592665711681 0.954708006711835 2 2 0
6.3350113 1.61089676533064 1.64592665711681 0.954708006711835 2 2 0
6.3489877 1.61089676533064 1.64592665711681 0.954708006711835 2 2 0
6.3649888 1.61089676533064 1.64592665711681 0.954708006711835 2 2 0
6.4140125 1.61089676533064 1.64592665711681 0.954708006711835 2 2 0
6.4339989 1.61861553026993 1.65668918336433 0.948627063993925 2 2 0
6.4620095 1.61861553026993 1.65668918336433 0.948627063993925 2 2 0
6.4999921 1.61861553026993 1.65668918336433 0.948627063993925 2 2 0
6.5229871 1.62908097491518 1.67091299387918 0.936465178558106 2 2 0
6.5399853 1.62908097491518 1.67091299387918 0.936465178558106 2 2 0
6.556985 1.62908097491518 1.67091299387918 0.936465178558106 2 2 0
6.5729877 1.62908097491518 1.67091299387918 0.936465178558106 2 2 0
6.6069883 1.63245311034405 1.67573770620256 0.960788949429745 2 2 0
6.6229904 1.63777193772639 1.68278544729976 0.924303293122286 2 2 0
6.6419873 1.63777193772639 1.68278544729976 0.924303293122286 2 2 0
6.6589909 1.63777193772639 1.68278544729976 0.924303293122286 2 2 0
6.7350014 1.63777193772639 1.68278544729976 0.924303293122286 2 2 0
6.7569857 1.64677884728681 1.69442300481336 0.912141407686466 2 2 0
6.7800091 1.65507477821836 1.70474719162859 0.893898579532737 2 2 0
6.7969848 1.65507477821836 1.70474719162859 0.893898579532737 2 2 0
6.8109866 1.65507477821836 1.70474719162859 0.893898579532737 2 2 0
6.8309883 1.65507477821836 1.70474719162859 0.893898579532737 2 2 0
6.8599903 1.65507477821836 1.70474719162859 0.893898579532737 2 2 0
6.890039 1.6667837606469 1.71987601639627 0.912141407686466 2 2 0
6.9099966 1.6667837606469 1.71987601639627 0.912141407686466 2 2 0
6.9270098 1.6667837606469 1.71987601639627 0.912141407686466 2 2 0
6.943044 1.6667837606469 1.71987601639627 0.912141407686466 2 2 0
6.9609876 1.6667837606469 1.71987601639627 0.912141407686466 2 2 0
6.9779898 1.6667837606469 1.71987601639627 0.912141407686466 2 2 0
7.0149865 1.67352803150463 1.72952544104302 0.960788949429745 2 2 0
7.0300008 1.67884685888698 1.73657318214022 0.924303293122286 2 2 0
7.0529957 1.67884685888698 1.73657318214022 0.924303293122286 2 2 0
7.1200177 1.69267341043956 1.75378016016559 0.893898579532737 2 2 0
7.1329871 1.69267341043956 1.75378016016559 0.893898579532737 2 2 0
7.1469869 1.69267341043956 1.75378016016559 0.893898579532737 2 2 0
7.1640571 1.69267341043956 1.75378016016559 0.893898579532737 2 2 0
7.187987 1.70216738301587 1.7650238983977 0.869574808661098 2 2 0
7.2050254 1.70216738301587 1.7650238983977 0.869574808661098 2 2 0
7.2180117 1.70216738301587 1.7650238983977 0.869574808661098 2 2 0
7.2419889 1.70216738301587 1.7650238983977 0.869574808661098 2 2 0
7.2669859 1.70216738301587 1.7650238983977 0.869574808661098 2 2 0
7.2829929 1.70216738301587 1.7650238983977 0.869574808661098 2 2 0
7.2959852 1.70216738301587 1.7650238983977 0.869574808661098 2 2 0
7.3100546 1.7079453902978 1.77170036536356 0.857412923225278 2 2 0
7.3229861 1.7079453902978 1.77170036536356 0.857412923225278 2 2 0
7.3379885 1.7079453902978 1.77170036536356 0.857412923225278 2 2 0
7.3539907 1.7079453902978 1.77170036536356 0.857412923225278 2 2 0
7.3759878 1.71279413981117 1.77723470537251 0.851331980507369 2 2 0
7.3899874 1.71279413981117 1.77723470537251 0.851331980507369 2 2 0
7.407986 1.71279413981117 1.77723470537251 0.851331980507369 2 2 0
7.4229883 1.71279413981117 1.77723470537251 0.851331980507369 2 2 0
7.4390004 1.71279413981117 1.77723470537251 0.851331980507369 2 2 0
7.456989 1.71279413981117 1.77723470537251 0.851331980507369 2 2 0
7.4899879 1.71279413981117 1.77723470537251 0.851331980507369 2 2 0
7.5289975 1.71934370994741 1.78518556329725 0.881736694096917 2 2 0
7.5429861 1.71934370994741 1.78518556329725 0.881736694096917 2 2 0
7.5609875 1.71934370994741 1.78518556329725 0.881736694096917 2 2 0
7.5749868 1.71934370994741 1.78518556329725 0.881736694096917 2 2 0
7.596986 1.73205222383159 1.80140116435583 0.906060464968557 2 2 0
7.6139865 1.73205222383159 1.80140116435583 0.906060464968557 2 2 0
7.6280068 1.73205222383159 1.80140116435583 0.906060464968557 2 2 0
7.6430203 1.73205222383159 1.80140116435583 0.906060464968557 2 2 0
7.6679912 1.73205222383159 1.80140116435583 0.906060464968557 2 2 0
7.7099933 1.73885504723225 1.81100939932356 0.954708006711835 2 2 0
7.7289881 1.74807274826731 1.82248071800714 0.893898579532737 2 2 0
7.7439902 1.74807274826731 1.82248071800714 0.893898579532737 2 2 0
7.7609869 1.74807274826731 1.82248071800714 0.893898579532737 2 2 0
7.7820102 1.76155476525848 1.83805914092749 0.857412923225278 2 2 0
7.7959874 1.76155476525848 1.83805914092749 0.857412923225278 2 2 0
7.8169854 1.76155476525848 1.83805914092749 0.857412923225278 2 2 0
7.829996 1.76155476525848 1.83805914092749 0.857412923225278 2 2 0
7.8449858 1.76155476525848 1.83805914092749 0.857412923225278 2 2 0
7.902024 1.76155476525848 1.83805914092749 0.857412923225278 2 2 0
8.0040052 1.76862112773125 1.84555444159606 0.81484632419991 2 2 0
8.029986 1.77170766254174 1.84871093453724 0.796603496046181 2 2 0
8.056124 1.77170766254174 1.84871093453724 0.796603496046181 2 2 0
8.0979895 1.77170766254174 1.84871093453724 0.796603496046181 2 2 0
8.1319898 1.77170766254174 1.84871093453724 0.796603496046181 2 2 0
8.1479867 1.77170766254174 1.84871093453724 0.796603496046181 2 2 0
8.1629888 1.77170766254174 1.84871093453724 0.796603496046181 2 2 0
8.1809903 1.77170766254174 1.84871093453724 0.796603496046181 2 2 0
8.197001 1.77170766254174 1.84871093453724 0.796603496046181 2 2 0
8.2220036 1.77170766254174 1.84871093453724 0.796603496046181 2 2 0
8.2429878 1.77170766254174 1.84871093453724 0.796603496046181 2 2 0
8.2759876 1.77170766254174 1.84871093453724 0.796603496046181 2 2 0
8.2960259 1.77170766254174 1.84871093453724 0.796603496046181 2 2 0
8.3099913 1.77170766254174 1.84871093453724 0.796603496046181 2 2 0
8.3259905 1.77170766254174 1.84871093453724 0.796603496046181 2 2 0
8.3419863 1.77170766254174 1.84871093453724 0.796603496046181 2 2 0
8.3590013 1.77170766254174 1.84871093453724 0.796603496046181 2 2 0
8.3749883 1.77170766254174 1.84871093453724 0.796603496046181 2 2 0
8.3939892 1.77170766254174 1.84871093453724 0.796603496046181 2 2 0
8.4089923 1.77170766254174 1.84871093453724 0.796603496046181 2 2 0
8.4269854 1.77170766254174 1.84871093453724 0.796603496046181 2 2 0
8.4429856 1.77170766254174 1.84871093453724 0.796603496046181 2 2 0
8.4629896 1.77170766254174 1.84871093453724 0.796603496046181 2 2 0
8.4939908 1.77170766254174 1.84871093453724 0.796603496046181 2 2 0
8.5129869 1.77170766254174 1.84871093453724 0.796603496046181 2 2 0
8.5279878 1.77170766254174 1.84871093453724 0.796603496046181 2 2 0
8.5420301 1.77170766254174 1.84871093453724 0.796603496046181 2 2 0
8.5569947 1.77170766254174 1.84871093453724 0.796603496046181 2 2 0
8.5729888 1.77170766254174 1.84871093453724 0.796603496046181 2 2 0
8.5920464 1.77170766254174 1.84871093453724 0.796603496046181 2 2 0
8.6170127 1.77170766254174 1.84871093453724 0.796603496046181 2 2 0
8.6299872 1.77170766254174 1.84871093453724 0.796603496046181 2 2 0
8.6649979 1.77170766254174 1.84871093453724 0.796603496046181 2 2 0
8.700012 1.77170766254174 1.84871093453724 0.796603496046181 2 2 0
8.7129869 1.77170766254174 1.84871093453724 0.796603496046181 2 2 0
8.7289903 1.77170766254174 1.84871093453724 0.796603496046181 2 2 0
8.7459859 1.77170766254174 1.84871093453724 0.796603496046181 2 2 0
8.7619876 1.77170766254174 1.84871093453724 0.796603496046181 2 2 0
8.775989 1.77170766254174 1.84871093453724 0.796603496046181 2 2 0
8.7949981 1.77170766254174 1.84871093453724 0.796603496046181 2 2 0
8.8259963 1.77170766254174 1.84871093453724 0.796603496046181 2 2 0
8.840987 1.77170766254174 1.84871093453724 0.796603496046181 2 2 0
8.8849925 1.77170766254174 1.84871093453724 0.796603496046181 2 2 0
8.8989868 1.77170766254174 1.84871093453724 0.796603496046181 2 2 0
8.9130037 1.77170766254174 1.84871093453724 0.796603496046181 2 2 0
8.9320297 1.77170766254174 1.84871093453724 0.796603496046181 2 2 0
8.9489979 1.77170766254174 1.84871093453724 0.796603496046181 2 2 0
8.9669856 1.77170766254174 1.84871093453724 0.796603496046181 2 2 0
8.9829853 1.77170766254174 1.84871093453724 0.796603496046181 2 2 0
8.9960184 1.77170766254174 1.84871093453724 0.796603496046181 2 2 0
9.0089879 1.77170766254174 1.84871093453724 0.796603496046181 2 2 0
9.0739865 1.77170766254174 1.84871093453724 0.796603496046181 2 2 0
9.108029 1.77170766254174 1.84871093453724 0.796603496046181 2 2 0
9.1229878 1.77170766254174 1.84871093453724 0.796603496046181 2 2 0
9.1399878 1.77170766254174 1.84871093453724 0.796603496046181 2 2 0
9.1590258 1.77170766254174 1.84871093453724 0.796603496046181 2 2 0
9.1719907 1.77170766254174 1.84871093453724 0.796603496046181 2 2 0
9.1899898 1.77170766254174 1.84871093453724 0.796603496046181 2 2 0
9.207987 1.77170766254174 1.84871093453724 0.796603496046181 2 2 0
9.2249871 1.77170766254174 1.84871093453724 0.796603496046181 2 2 0
9.2439885 1.77170766254174 1.84871093453724 0.796603496046181 2 2 0
9.2589876 1.77170766254174 1.84871093453724 0.796603496046181 2 2 0
9.3279864 1.77170766254174 1.84871093453724 0.796603496046181 2 2 0
9.3439864 1.77170766254174 1.84871093453724 0.796603496046181 2 2 0
9.3609908 1.77170766254174 1.84871093453724 0.796603496046181 2 2 0
9.3769872 1.77170766254174 1.84871093453724 0.796603496046181 2 2 0
9.3949915 1.77170766254174 1.84871093453724 0.796603496046181 2 2 0
9.4109885 1.77170766254174 1.84871093453724 0.796603496046181 2 2 0
9.4309901 1.77170766254174 1.84871093453724 0.796603496046181 2 2 0
9.444986 1.77170766254174 1.84871093453724 0.796603496046181 2 2 0
9.4699933 1.77170766254174 1.84871093453724 0.796603496046181 2 2 0
9.5100141 1.77170766254174 1.84871093453724 0.796603496046181 2 2 0
9.5290232 1.77170766254174 1.84871093453724 0.796603496046181 2 2 0
9.5449857 1.77170766254174 1.84871093453724 0.796603496046181 2 2 0
9.5619857 1.77170766254174 1.84871093453724 0.796603496046181 2 2 0
9.577989 1.77170766254174 1.84871093453724 0.796603496046181 2 2 0
9.5979877 1.77170766254174 1.84871093453724 0.796603496046181 2 2 0
9.6130099 1.77170766254174 1.84871093453724 0.796603496046181 2 2 0
9.647004 1.77170766254174 1.84871093453724 0.796603496046181 2 2 0
9.6890304 1.77170766254174 1.84871093453724 0.796603496046181 2 2 0
9.7049926 1.77170766254174 1.84871093453724 0.796603496046181 2 2 0
9.7179891 1.77170766254174 1.84871093453724 0.796603496046181 2 2 0
9.7339853 1.77170766254174 1.84871093453724 0.796603496046181 2 2 0
9.7470152 1.77170766254174 1.84871093453724 0.796603496046181 2 2 0
9.766079 1.77170766254174 1.84871093453724 0.796603496046181 2 2 0
9.781995 1.77170766254174 1.84871093453724 0.796603496046181 2 2 0
9.7979893 1.77170766254174 1.84871093453724 0.796603496046181 2 2 0
9.8149886 1.77170766254174 1.84871093453724 0.796603496046181 2 2 0
9.8480206 1.77170766254174 1.84871093453724 0.796603496046181 2 2 0
9.8899867 1.77170766254174 1.84871093453724 0.796603496046181 2 2 0
9.9049894 1.77170766254174 1.84871093453724 0.796603496046181 2 2 0
9.9190105 1.77170766254174 1.84871093453724 0.796603496046181 2 2 0
9.9349955 1.77170766254174 1.84871093453724 0.796603496046181 2 2 0
9.9569855 1.77170766254174 1.84871093453724 0.796603496046181 2 2 0
9.9730208 1.77170766254174 1.84871093453724 0.796603496046181 2 2 0
9.9899995 1.77170766254174 1.84871093453724 0.796603496046181 2 2 0
10.0069972 1.77170766254174 1.84871093453724 0.796603496046181 2 2 0
10.0239889 1.77170766254174 1.84871093453724 0.796603496046181 2 2 0
10.0779904 1.77170766254174 1.84871093453724 0.796603496046181 2 2 0
10.0999991 1.77170766254174 1.84871093453724 0.796603496046181 2 2 0
10.1240374 1.77170766254174 1.84871093453724 0.796603496046181 2 2 0
10.1419877 1.77170766254174 1.84871093453724 0.796603496046181 2 2 0
10.1580017 1.77170766254174 1.84871093453724 0.796603496046181 2 2 0
10.1759907 1.77170766254174 1.84871093453724 0.796603496046181 2 2 0
10.1929888 1.77170766254174 1.84871093453724 0.796603496046181 2 2 0
10.2109914 1.77170766254174 1.84871093453724 0.796603496046181 2 2 0
10.226987 1.77170766254174 1.84871093453724 0.796603496046181 2 2 0
10.3009883 1.77170766254174 1.84871093453724 0.796603496046181 2 2 0
10.3150198 1.77170766254174 1.84871093453724 0.796603496046181 2 2 0
10.3309904 1.77170766254174 1.84871093453724 0.796603496046181 2 2 0
10.345988 1.77170766254174 1.84871093453724 0.796603496046181 2 2 0
10.3619885 1.77170766254174 1.84871093453724 0.796603496046181 2 2 0
10.378072 1.77170766254174 1.84871093453724 0.796603496046181 2 2 0
10.3989901 1.77170766254174 1.84871093453724 0.796603496046181 2 2 0
10.4140065 1.77170766254174 1.84871093453724 0.796603496046181 2 2 0
10.4299898 1.77170766254174 1.84871093453724 0.796603496046181 2 2 0
10.4509877 1.77170766254174 1.84871093453724 0.796603496046181 2 2 0
10.4779976 1.77170766254174 1.84871093453724 0.796603496046181 2 2 0
10.5329873 1.77170766254174 1.84871093453724 0.796603496046181 2 2 0
10.546985 1.77170766254174 1.84871093453724 0.796603496046181 2 2 0
10.5629885 1.77170766254174 1.84871093453724 0.796603496046181 2 2 0
10.5829857 1.77170766254174 1.84871093453724 0.796603496046181 2 2 0
10.5980121 1.77170766254174 1.84871093453724 0.796603496046181 2 2 0
10.6139996 1.77170766254174 1.84871093453724 0.796603496046181 2 2 0
10.6310019 1.77170766254174 1.84871093453724 0.796603496046181 2 2 0
10.6689869 1.77170766254174 1.84871093453724 0.796603496046181 2 2 0
10.6939976 1.77170766254174 1.84871093453724 0.796603496046181 2 2 0
10.7079879 1.77170766254174 1.84871093453724 0.796603496046181 2 2 0
10.7239891 1.77170766254174 1.84871093453724 0.796603496046181 2 2 0
10.7389889 1.77170766254174 1.84871093453724 0.796603496046181 2 2 0
10.7541328 1.77170766254174 1.84871093453724 0.796603496046181 2 2 0
10.7679873 1.77170766254174 1.84871093453724 0.796603496046181 2 2 0
10.7849884 1.77170766254174 1.84871093453724 0.796603496046181 2 2 0
10.801004 1.77170766254174 1.84871093453724 0.796603496046181 2 2 0
10.8169888 1.77170766254174 1.84871093453724 0.796603496046181 2 2 0
10.8399877 1.77170766254174 1.84871093453724 0.796603496046181 2 2 0
10.9170137 1.77170766254174 1.84871093453724 0.796603496046181 2 2 0
10.9350318 1.77170766254174 1.84871093453724 0.796603496046181 2 2 0
10.9499909 1.77170766254174 1.84871093453724 0.796603496046181 2 2 0
10.9909926 1.77170766254174 1.84871093453724 0.796603496046181 2 2 0
11.008995 1.77170766254174 1.84871093453724 0.796603496046181 2 2 0
11.0289887 1.77170766254174 1.84871093453724 0.796603496046181 2 2 0
11.072997 1.77170766254174 1.84871093453724 0.796603496046181 2 2 0
11.110107 1.77170766254174 1.84871093453724 0.796603496046181 2 2 0
11.1269952 1.77170766254174 1.84871093453724 0.796603496046181 2 2 0
11.1449922 1.77170766254174 1.84871093453724 0.796603496046181 2 2 0
11.1619863 1.77170766254174 1.84871093453724 0.796603496046181 2 2 0
11.1799875 1.77170766254174 1.84871093453724 0.796603496046181 2 2 0
11.1959924 1.77170766254174 1.84871093453724 0.796603496046181 2 2 0
11.2129947 1.77170766254174 1.84871093453724 0.796603496046181 2 2 0
11.2290201 1.77170766254174 1.84871093453724 0.796603496046181 2 2 0
11.2470022 1.77170766254174 1.84871093453724 0.796603496046181 2 2 0
11.2989887 1.77170766254174 1.84871093453724 0.796603496046181 2 2 0
11.3129878 1.77170766254174 1.84871093453724 0.796603496046181 2 2 0
11.3299936 1.77170766254174 1.84871093453724 0.796603496046181 2 2 0
11.3469882 1.77170766254174 1.84871093453724 0.796603496046181 2 2 0
11.3629885 1.77170766254174 1.84871093453724 0.796603496046181 2 2 0
11.3789919 1.77170766254174 1.84871093453724 0.796603496046181 2 2 0
11.3979895 1.77170766254174 1.84871093453724 0.796603496046181 2 2 0
11.4140064 1.77170766254174 1.84871093453724 0.796603496046181 2 2 0
11.4309864 1.77170766254174 1.84871093453724 0.796603496046181 2 2 0
11.4810058 1.77170766254174 1.84871093453724 0.796603496046181 2 2 0
11.5250137 1.77170766254174 1.84871093453724 0.796603496046181 2 2 0
11.5400179 1.77170766254174 1.84871093453724 0.796603496046181 2 2 0
11.5559881 1.77170766254174 1.84871093453724 0.796603496046181 2 2 0
11.5710089 1.77170766254174 1.84871093453724 0.796603496046181 2 2 0
11.5870164 1.77170766254174 1.84871093453724 0.796603496046181 2 2 0
11.6020232 1.77170766254174 1.84871093453724 0.796603496046181 2 2 0
11.6159862 1.77170766254174 1.84871093453724 0.796603496046181 2 2 0
11.6330195 1.77170766254174 1.84871093453724 0.796603496046181 2 2 0
11.6560005 1.77170766254174 1.84871093453724 0.796603496046181 2 2 0
11.7109873 1.77170766254174 1.84871093453724 0.796603496046181 2 2 0
11.7259897 1.77170766254174 1.84871093453724 0.796603496046181 2 2 0
11.7399877 1.77170766254174 1.84871093453724 0.796603496046181 2 2 0
11.7560466 1.77170766254174 1.84871093453724 0.796603496046181 2 2 0
11.7749884 1.77170766254174 1.84871093453724 0.796603496046181 2 2 0
11.7929883 1.77170766254174 1.84871093453724 0.796603496046181 2 2 0
11.8079987 1.77170766254174 1.84871093453724 0.796603496046181 2 2 0
11.8259855 1.77170766254174 1.84871093453724 0.796603496046181 2 2 0
11.848988 1.77170766254174 1.84871093453724 0.796603496046181 2 2 0
11.8939862 1.77170766254174 1.84871093453724 0.796603496046181 2 2 0
11.9129866 1.77170766254174 1.84871093453724 0.796603496046181 2 2 0
11.9279886 1.77170766254174 1.84871093453724 0.796603496046181 2 2 0
11.9449904 1.77170766254174 1.84871093453724 0.796603496046181 2 2 0
11.9599896 1.77170766254174 1.84871093453724 0.796603496046181 2 2 0
11.9779897 1.77170766254174 1.84871093453724 0.796603496046181 2 2 0
11.9959852 1.77170766254174 1.84871093453724 0.796603496046181 2 2 0
12.011991 1.77170766254174 1.84871093453724 0.796603496046181 2 2 0
12.0299894 1.77170766254174 1.84871093453724 0.796603496046181 2 2 0
12.0440139 1.77170766254174 1.84871093453724 0.796603496046181 2 2 0
12.0679879 1.77170766254174 1.84871093453724 0.796603496046181 2 2 0
12.1009893 1.77170766254174 1.84871093453724 0.796603496046181 2 2 0
12.1179978 1.77170766254174 1.84871093453724 0.796603496046181 2 2 0
12.1339876 1.77170766254174 1.84871093453724 0.796603496046181 2 2 0
12.1479853 1.77170766254174 1.84871093453724 0.796603496046181 2 2 0
12.1629853 1.77170766254174 1.84871093453724 0.796603496046181 2 2 0
12.18099 1.77170766254174 1.84871093453724 0.796603496046181 2 2 0
12.1969854 1.77170766254174 1.84871093453724 0.796603496046181 2 2 0
12.213022 1.77170766254174 1.84871093453724 0.796603496046181 2 2 0
12.2271073 1.77170766254174 1.84871093453724 0.796603496046181 2 2 0
12.2439946 1.77170766254174 1.84871093453724 0.796603496046181 2 2 0
12.2599929 1.77170766254174 1.84871093453724 0.796603496046181 2 2 0
12.2999891 1.77170766254174 1.84871093453724 0.796603496046181 2 2 0
12.3139895 1.77170766254174 1.84871093453724 0.796603496046181 2 2 0
12.3289994 1.77170766254174 1.84871093453724 0.796603496046181 2 2 0
12.3449921 1.77170766254174 1.84871093453724 0.796603496046181 2 2 0
12.3579872 1.77170766254174 1.84871093453724 0.796603496046181 2 2 0
12.3749888 1.77170766254174 1.84871093453724 0.796603496046181 2 2 0
12.3909919 1.77170766254174 1.84871093453724 0.796603496046181 2 2 0
12.4049929 1.77170766254174 1.84871093453724 0.796603496046181 2 2 0
12.418985 1.77170766254174 1.84871093453724 0.796603496046181 2 2 0
12.4349872 1.77170766254174 1.84871093453724 0.796603496046181 2 2 0
12.4509849 1.77170766254174 1.84871093453724 0.796603496046181 2 2 0
12.4940783 1.77170766254174 1.84871093453724 0.796603496046181 2 2 0
12.5310159 1.77170766254174 1.84871093453724 0.796603496046181 2 2 0
12.5449876 1.77170766254174 1.84871093453724 0.796603496046181 2 2 0
12.5579865 1.77170766254174 1.84871093453724 0.796603496046181 2 2 0
12.5739892 1.77170766254174 1.84871093453724 0.796603496046181 2 2 0
12.5919859 1.77170766254174 1.84871093453724 0.796603496046181 2 2 0
12.608988 1.77170766254174 1.84871093453724 0.796603496046181 2 2 0
12.6249861 1.77170766254174 1.84871093453724 0.796603496046181 2 2 0
12.6419856 1.77170766254174 1.84871093453724 0.796603496046181 2 2 0
12.6689931 1.77170766254174 1.84871093453724 0.796603496046181 2 2 0
12.7179915 1.77170766254174 1.84871093453724 0.796603496046181 2 2 0
12.7309865 1.77170766254174 1.84871093453724 0.796603496046181 2 2 0
12.7449862 1.77170766254174 1.84871093453724 0.796603496046181 2 2 0
12.7609927 1.77170766254174 1.84871093453724 0.796603496046181 2 2 0
12.7779927 1.77170766254174 1.84871093453724 0.796603496046181 2 2 0
12.7909881 1.77170766254174 1.84871093453724 0.796603496046181 2 2 0
12.8109899 1.77170766254174 1.84871093453724 0.796603496046181 2 2 0
12.8289892 1.77170766254174 1.84871093453724 0.796603496046181 2 2 0
12.8449873 1.77170766254174 1.84871093453724 0.796603496046181 2 2 0
12.8669868 1.77170766254174 1.84871093453724 0.796603496046181 2 2 0
12.905996 1.77170766254174 1.84871093453724 0.796603496046181 2 2 0
12.924992 1.77170766254174 1.84871093453724 0.796603496046181 2 2 0
12.9439935 1.77170766254174 1.84871093453724 0.796603496046181 2 2 0
12.9620103 1.77170766254174 1.84871093453724 0.796603496046181 2 2 0
12.9779882 1.77170766254174 1.84871093453724 0.796603496046181 2 2 0
12.9980029 1.77170766254174 1.84871093453724 0.796603496046181 2 2 0
13.0139871 1.77170766254174 1.84871093453724 0.796603496046181 2 2 0
13.029992 1.77170766254174 1.84871093453724 0.796603496046181 2 2 0
13.0470093 1.77170766254174 1.84871093453724 0.796603496046181 2 2 0
13.0710941 1.77170766254174 1.84871093453724 0.796603496046181 2 2 0
13.1140111 1.77170766254174 1.84871093453724 0.796603496046181 2 2 0
13.1289943 1.77170766254174 1.84871093453724 0.796603496046181 2 2 0
13.146989 1.77170766254174 1.84871093453724 0.796603496046181 2 2 0
13.1629954 1.77170766254174 1.84871093453724 0.796603496046181 2 2 0
13.1819881 1.77170766254174 1.84871093453724 0.796603496046181 2 2 0
13.1959924 1.77170766254174 1.84871093453724 0.796603496046181 2 2 0
13.2109915 1.77170766254174 1.84871093453724 0.796603496046181 2 2 0
13.2249903 1.77170766254174 1.84871093453724 0.796603496046181 2 2 0
13.2479908 1.77170766254174 1.84871093453724 0.796603496046181 2 2 0
13.2759876 1.77170766254174 1.84871093453724 0.796603496046181 2 2 0
13.3060017 1.77170766254174 1.84871093453724 0.796603496046181 2 2 0
13.31899 1.77170766254174 1.84871093453724 0.796603496046181 2 2 0
13.3339893 1.77170766254174 1.84871093453724 0.796603496046181 2 2 0
13.3509903 1.77170766254174 1.84871093453724 0.796603496046181 2 2 0
13.3689929 1.77170766254174 1.84871093453724 0.796603496046181 2 2 0
13.388022 1.77170766254174 1.84871093453724 0.796603496046181 2 2 0
13.4009876 1.77170766254174 1.84871093453724 0.796603496046181 2 2 0
13.4170159 1.77170766254174 1.84871093453724 0.796603496046181 2 2 0
13.4329939 1.77170766254174 1.84871093453724 0.796603496046181 2 2 0
13.4469885 1.77170766254174 1.84871093453724 0.796603496046181 2 2 0
13.5130247 1.77170766254174 1.84871093453724 0.796603496046181 2 2 0
13.5279879 1.77170766254174 1.84871093453724 0.796603496046181 2 2 0
13.5439856 1.77170766254174 1.84871093453724 0.796603496046181 2 2 0
13.5589853 1.77170766254174 1.84871093453724 0.796603496046181 2 2 0
13.5759875 1.77170766254174 1.84871093453724 0.796603496046181 2 2 0
13.5949941 1.77170766254174 1.84871093453724 0.796603496046181 2 2 0
13.6099928 1.77170766254174 1.84871093453724 0.796603496046181 2 2 0
13.6279876 1.77170766254174 1.84871093453724 0.796603496046181 2 2 0
13.6589945 1.77170766254174 1.84871093453724 0.796603496046181 2 2 0
13.7090024 1.77170766254174 1.84871093453724 0.796603496046181 2 2 0
13.733988 1.77170766254174 1.84871093453724 0.796603496046181 2 2 0
13.7479888 1.77170766254174 1.84871093453724 0.796603496046181 2 2 0
13.7639886 1.77170766254174 1.84871093453724 0.796603496046181 2 2 0
13.7809988 1.77170766254174 1.84871093453724 0.796603496046181 2 2 0
13.7969875 1.77170766254174 1.84871093453724 0.796603496046181 2 2 0
13.8129889 1.77170766254174 1.84871093453724 0.796603496046181 2 2 0
13.8309855 1.77170766254174 1.84871093453724 0.796603496046181 2 2 0
13.84599 1.77170766254174 1.84871093453724 0.796603496046181 2 2 0
13.867985 1.77170766254174 1.84871093453724 0.796603496046181 2 2 0
13.9140043 1.77170766254174 1.84871093453724 0.796603496046181 2 2 0
13.9450014 1.77170766254174 1.84871093453724 0.796603496046181 2 2 0
14.0639887 1.77170766254174 1.84871093453724 0.796603496046181 2 2 0
14.0969906 1.77170766254174 1.84871093453724 0.796603496046181 2 2 0
14.1169851 1.77170766254174 1.84871093453724 0.796603496046181 2 2 0
14.13122 1.77170766254174 1.84871093453724 0.796603496046181 2 2 0
14.1479878 1.77170766254174 1.84871093453724 0.796603496046181 2 2 0
14.1899955 1.77170766254174 1.84871093453724 0.796603496046181 2 2 0
14.2130024 1.77170766254174 1.84871093453724 0.796603496046181 2 2 0
14.229992 1.77170766254174 1.84871093453724 0.796603496046181 2 2 0
14.2489886 1.77170766254174 1.84871093453724 0.796603496046181 2 2 0
14.2679873 1.77170766254174 1.84871093453724 0.796603496046181 2 2 0
14.3370358 1.77170766254174 1.84871093453724 0.796603496046181 2 2 0
14.3499874 1.77170766254174 1.84871093453724 0.796603496046181 2 2 0
14.3670742 1.77170766254174 1.84871093453724 0.796603496046181 2 2 0
14.3809855 1.77170766254174 1.84871093453724 0.796603496046181 2 2 0
14.3980093 1.77170766254174 1.84871093453724 0.796603496046181 2 2 0
14.4139858 1.77170766254174 1.84871093453724 0.796603496046181 2 2 0
14.4300018 1.77170766254174 1.84871093453724 0.796603496046181 2 2 0
14.4510078 1.77170766254174 1.84871093453724 0.796603496046181 2 2 0
14.4849907 1.77170766254174 1.84871093453724 0.796603496046181 2 2 0
14.5129877 1.77170766254174 1.84871093453724 0.796603496046181 2 2 0
14.530009 1.77170766254174 1.84871093453724 0.796603496046181 2 2 0
14.5470032 1.77170766254174 1.84871093453724 0.796603496046181 2 2 0
14.5639854 1.77170766254174 1.84871093453724 0.796603496046181 2 2 0
14.5820174 1.77170766254174 1.84871093453724 0.796603496046181 2 2 0
14.596987 1.77170766254174 1.84871093453724 0.796603496046181 2 2 0
14.6149862 1.77170766254174 1.84871093453724 0.796603496046181 2 2 0
14.6300125 1.77170766254174 1.84871093453724 0.796603496046181 2 2 0
14.6459863 1.77170766254174 1.84871093453724 0.796603496046181 2 2 0
14.6649888 1.77170766254174 1.84871093453724 0.796603496046181 2 2 0
14.6980131 1.77170766254174 1.84871093453724 0.796603496046181 2 2 0
14.731986 1.77170766254174 1.84871093453724 0.796603496046181 2 2 0
14.748028 1.77170766254174 1.84871093453724 0.796603496046181 2 2 0
14.7650199 1.77170766254174 1.84871093453724 0.796603496046181 2 2 0
14.7839856 1.77170766254174 1.84871093453724 0.796603496046181 2 2 0
14.7979876 1.77170766254174 1.84871093453724 0.796603496046181 2 2 0
14.8139861 1.77170766254174 1.84871093453724 0.796603496046181 2 2 0
14.8309872 1.77170766254174 1.84871093453724 0.796603496046181 2 2 0
14.8820075 1.77170766254174 1.84871093453724 0.796603496046181 2 2 0
14.8999897 1.77170766254174 1.84871093453724 0.796603496046181 2 2 0
14.9270104 1.77170766254174 1.84871093453724 0.796603496046181 2 2 0
14.9420211 1.77170766254174 1.84871093453724 0.796603496046181 2 2 0
14.958001 1.77170766254174 1.84871093453724 0.796603496046181 2 2 0
14.9710057 1.77170766254174 1.84871093453724 0.796603496046181 2 2 0
14.9840024 1.77170766254174 1.84871093453724 0.796603496046181 2 2 0
14.9999923 1.77170766254174 1.84871093453724 0.796603496046181 2 2 0
15.0169915 1.77170766254174 1.84871093453724 0.796603496046181 2 2 0
15.0329912 1.77170766254174 1.84871093453724 0.796603496046181 2 2 0
15.054004 1.77170766254174 1.84871093453724 0.796603496046181 2 2 0
15.0949887 1.77170766254174 1.84871093453724 0.796603496046181 2 2 0
15.1090034 1.77170766254174 1.84871093453724 0.796603496046181 2 2 0
15.1299935 1.77170766254174 1.84871093453724 0.796603496046181 2 2 0
15.1439857 1.77170766254174 1.84871093453724 0.796603496046181 2 2 0
15.158987 1.77170766254174 1.84871093453724 0.796603496046181 2 2 0
15.1749863 1.77170766254174 1.84871093453724 0.796603496046181 2 2 0
15.1920255 1.77170766254174 1.84871093453724 0.796603496046181 2 2 0
15.2080022 1.77170766254174 1.84871093453724 0.796603496046181 2 2 0
15.2230168 1.77170766254174 1.84871093453724 0.796603496046181 2 2 0
15.2670149 1.77170766254174 1.84871093453724 0.796603496046181 2 2 0
15.286998 1.77170766254174 1.84871093453724 0.796603496046181 2 2 0
15.30199 1.77170766254174 1.84871093453724 0.796603496046181 2 2 0
15.3260046 1.77170766254174 1.84871093453724 0.796603496046181 2 2 0
15.3489866 1.77170766254174 1.84871093453724 0.796603496046181 2 2 0
15.363986 1.77170766254174 1.84871093453724 0.796603496046181 2 2 0
15.3790088 1.77170766254174 1.84871093453724 0.796603496046181 2 2 0
15.3979868 1.77170766254174 1.84871093453724 0.796603496046181 2 2 0
15.4129849 1.77170766254174 1.84871093453724 0.796603496046181 2 2 0
15.4289879 1.77170766254174 1.84871093453724 0.796603496046181 2 2 0
15.446988 1.77170766254174 1.84871093453724 0.796603496046181 2 2 0
15.481009 1.77170766254174 1.84871093453724 0.796603496046181 2 2 0
15.5090048 1.77170766254174 1.84871093453724 0.796603496046181 2 2 0
15.5339866 1.77170766254174 1.84871093453724 0.796603496046181 2 2 0
15.5489904 1.77170766254174 1.84871093453724 0.796603496046181 2 2 0
15.5659852 1.77170766254174 1.84871093453724 0.796603496046181 2 2 0
15.5859897 1.77170766254174 1.84871093453724 0.796603496046181 2 2 0
15.6039907 1.77170766254174 1.84871093453724 0.796603496046181 2 2 0
15.6189925 1.77170766254174 1.84871093453724 0.796603496046181 2 2 0
15.652989 1.77170766254174 1.84871093453724 0.796603496046181 2 2 0
15.6859983 1.77170766254174 1.84871093453724 0.796603496046181 2 2 0
15.7219932 1.77170766254174 1.84871093453724 0.796603496046181 2 2 0
15.776995 1.77170766254174 1.84871093453724 0.796603496046181 2 2 0
15.7950015 1.77170766254174 1.84871093453724 0.796603496046181 2 2 0
15.817001 1.77170766254174 1.84871093453724 0.796603496046181 2 2 0
15.8349918 1.77170766254174 1.84871093453724 0.796603496046181 2 2 0
15.8909882 1.77170766254174 1.84871093453724 0.796603496046181 2 2 0
15.91903 1.77170766254174 1.84871093453724 0.796603496046181 2 2 0
15.9589887 1.77170766254174 1.84871093453724 0.796603496046181 2 2 0
15.9749875 1.77170766254174 1.84871093453724 0.796603496046181 2 2 0
15.9909912 1.77170766254174 1.84871093453724 0.796603496046181 2 2 0
16.0089952 1.77170766254174 1.84871093453724 0.796603496046181 2 2 0
16.0259865 1.77170766254174 1.84871093453724 0.796603496046181 2 2 0
16.0420024 1.77170766254174 1.84871093453724 0.796603496046181 2 2 0
16.065991 1.77170766254174 1.84871093453724 0.796603496046181 2 2 0
16.1349923 1.77170766254174 1.84871093453724 0.796603496046181 2 2 0
16.1489857 1.77170766254174 1.84871093453724 0.796603496046181 2 2 0
16.1619882 1.77170766254174 1.84871093453724 0.796603496046181 2 2 0
16.1860813 1.77170766254174 1.84871093453724 0.796603496046181 2 2 0
16.2020013 1.77170766254174 1.84871093453724 0.796603496046181 2 2 0
16.2160382 1.77170766254174 1.84871093453724 0.796603496046181 2 2 0
16.2299888 1.77170766254174 1.84871093453724 0.796603496046181 2 2 0
16.2459883 1.77170766254174 1.84871093453724 0.796603496046181 2 2 0
16.2980035 1.77170766254174 1.84871093453724 0.796603496046181 2 2 0
16.3160135 1.77170766254174 1.84871093453724 0.796603496046181 2 2 0
16.3340154 1.77170766254174 1.84871093453724 0.796603496046181 2 2 0
16.3489868 1.77170766254174 1.84871093453724 0.796603496046181 2 2 0
16.3649897 1.77170766254174 1.84871093453724 0.796603496046181 2 2 0
16.3809863 1.77170766254174 1.84871093453724 0.796603496046181 2 2 0
16.4019902 1.77170766254174 1.84871093453724 0.796603496046181 2 2 0
16.4169855 1.77170766254174 1.84871093453724 0.796603496046181 2 2 0
16.431986 1.77170766254174 1.84871093453724 0.796603496046181 2 2 0
16.4819873 1.77170766254174 1.84871093453724 0.796603496046181 2 2 0
16.5009878 1.77170766254174 1.84871093453724 0.796603496046181 2 2 0
16.5179976 1.77170766254174 1.84871093453724 0.796603496046181 2 2 0
16.532986 1.77170766254174 1.84871093453724 0.796603496046181 2 2 0
16.5499871 1.77170766254174 1.84871093453724 0.796603496046181 2 2 0
16.5649886 1.77170766254174 1.84871093453724 0.796603496046181 2 2 0
16.5819873 1.77170766254174 1.84871093453724 0.796603496046181 2 2 0
16.6000111 1.77170766254174 1.84871093453724 0.796603496046181 2 2 0
16.6169877 1.77170766254174 1.84871093453724 0.796603496046181 2 2 0
16.6450143 1.77170766254174 1.84871093453724 0.796603496046181 2 2 0
16.6829882 1.77170766254174 1.84871093453724 0.796603496046181 2 2 0
16.7010392 1.77170766254174 1.84871093453724 0.796603496046181 2 2 0
16.7139863 1.77170766254174 1.84871093453724 0.796603496046181 2 2 0
16.7269879 1.77170766254174 1.84871093453724 0.796603496046181 2 2 0
16.7509903 1.77170766254174 1.84871093453724 0.796603496046181 2 2 0
16.7689889 1.77170766254174 1.84871093453724 0.796603496046181 2 2 0
16.7850006 1.77170766254174 1.84871093453724 0.796603496046181 2 2 0
16.8070602 1.77170766254174 1.84871093453724 0.796603496046181 2 2 0
16.8199877 1.77170766254174 1.84871093453724 0.796603496046181 2 2 0
16.839999 1.77170766254174 1.84871093453724 0.796603496046181 2 2 0
16.9100139 1.77170766254174 1.84871093453724 0.796603496046181 2 2 0
16.9301207 1.77170766254174 1.84871093453724 0.796603496046181 2 2 0
16.9929971 1.77170766254174 1.84871093453724 0.796603496046181 2 2 0
17.0119882 1.77170766254174 1.84871093453724 0.796603496046181 2 2 0
17.0279852 1.77170766254174 1.84871093453724 0.796603496046181 2 2 0
17.0689932 1.77170766254174 1.84871093453724 0.796603496046181 2 2 0
17.1170261 1.77170766254174 1.84871093453724 0.796603496046181 2 2 0
17.1339947 1.77170766254174 1.84871093453724 0.796603496046181 2 2 0
17.1659926 1.77170766254174 1.84871093453724 0.796603496046181 2 2 0
17.184038 1.77170766254174 1.84871093453724 0.796603496046181 2 2 0
17.1989851 1.77170766254174 1.84871093453724 0.796603496046181 2 2 0
17.2179862 1.77170766254174 1.84871093453724 0.796603496046181 2 2 0
17.2339854 1.77170766254174 1.84871093453724 0.796603496046181 2 2 0
17.2970009 1.77170766254174 1.84871093453724 0.796603496046181 2 2 0
17.318999 1.77170766254174 1.84871093453724 0.796603496046181 2 2 0
17.3470286 1.77170766254174 1.84871093453724 0.796603496046181 2 2 0
17.3679854 1.77170766254174 1.84871093453724 0.796603496046181 2 2 0
17.3829977 1.77170766254174 1.84871093453724 0.796603496046181 2 2 0
17.4009856 1.77170766254174 1.84871093453724 0.796603496046181 2 2 0
17.4170212 1.77170766254174 1.84871093453724 0.796603496046181 2 2 0
17.4329871 1.77170766254174 1.84871093453724 0.796603496046181 2 2 0
17.4830015 1.77170766254174 1.84871093453724 0.796603496046181 2 2 0
17.5190569 1.77170766254174 1.84871093453724 0.796603496046181 2 2 0
17.5340014 1.77170766254174 1.84871093453724 0.796603496046181 2 2 0
17.5920643 1.77170766254174 1.84871093453724 0.796603496046181 2 2 0
17.6059869 1.77170766254174 1.84871093453724 0.796603496046181 2 2 0
17.6199883 1.77170766254174 1.84871093453724 0.796603496046181 2 2 0
17.6379893 1.77170766254174 1.84871093453724 0.796603496046181 2 2 0
17.6550027 1.77170766254174 1.84871093453724 0.796603496046181 2 2 0
17.6720147 1.77170766254174 1.84871093453724 0.796603496046181 2 2 0
17.7289874 1.77170766254174 1.84871093453724 0.796603496046181 2 2 0
17.7449873 1.77170766254174 1.84871093453724 0.796603496046181 2 2 0
17.7769879 1.77170766254174 1.84871093453724 0.796603496046181 2 2 0
17.7939876 1.77170766254174 1.84871093453724 0.796603496046181 2 2 0
17.8120142 1.77170766254174 1.84871093453724 0.796603496046181 2 2 0
17.8299869 1.77170766254174 1.84871093453724 0.796603496046181 2 2 0
17.8459853 1.77170766254174 1.84871093453724 0.796603496046181 2 2 0
17.9020047 1.77170766254174 1.84871093453724 0.796603496046181 2 2 0
17.9139879 1.77170766254174 1.84871093453724 0.796603496046181 2 2 0
17.9329896 1.77170766254174 1.84871093453724 0.796603496046181 2 2 0
17.949001 1.77170766254174 1.84871093453724 0.796603496046181 2 2 0
17.9780199 1.77170766254174 1.84871093453724 0.796603496046181 2 2 0
17.998986 1.77170766254174 1.84871093453724 0.796603496046181 2 2 0
18.0140206 1.77170766254174 1.84871093453724 0.796603496046181 2 2 0
18.0320069 1.77170766254174 1.84871093453724 0.796603496046181 2 2 0
18.0509888 1.77170766254174 1.84871093453724 0.796603496046181 2 2 0
18.1109943 1.77170766254174 1.84871093453724 0.796603496046181 2 2 0
18.1319909 1.77170766254174 1.84871093453724 0.796603496046181 2 2 0
18.1520263 1.77170766254174 1.84871093453724 0.796603496046181 2 2 0
18.1959974 1.77170766254174 1.84871093453724 0.796603496046181 2 2 0
18.2160589 1.77170766254174 1.84871093453724 0.796603496046181 2 2 0
18.2289862 1.77170766254174 1.84871093453724 0.796603496046181 2 2 0
18.2539853 1.77170766254174 1.84871093453724 0.796603496046181 2 2 0
18.2719946 1.77170766254174 1.84871093453724 0.796603496046181 2 2 0
18.3020079 1.77170766254174 1.84871093453724 0.796603496046181 2 2 0
18.3169881 1.77170766254174 1.84871093453724 0.796603496046181 2 2 0
18.3330205 1.77170766254174 1.84871093453724 0.796603496046181 2 2 0
18.3499861 1.77170766254174 1.84871093453724 0.796603496046181 2 2 0
18.3739969 1.77170766254174 1.84871093453724 0.796603496046181 2 2 0
18.3859872 1.77170766254174 1.84871093453724 0.796603496046181 2 2 0
18.4090063 1.77170766254174 1.84871093453724 0.796603496046181 2 2 0
18.4259898 1.77170766254174 1.84871093453724 0.796603496046181 2 2 0
18.4410091 1.77170766254174 1.84871093453724 0.796603496046181 2 2 0
18.4639985 1.77170766254174 1.84871093453724 0.796603496046181 2 2 0
18.4839897 1.77170766254174 1.84871093453724 0.796603496046181 2 2 0
18.5250325 1.77170766254174 1.84871093453724 0.796603496046181 2 2 0
18.5379993 1.77170766254174 1.84871093453724 0.796603496046181 2 2 0
18.5519872 1.77170766254174 1.84871093453724 0.796603496046181 2 2 0
18.57999 1.77170766254174 1.84871093453724 0.796603496046181 2 2 0
18.5939847 1.77170766254174 1.84871093453724 0.796603496046181 2 2 0
18.6099903 1.77170766254174 1.84871093453724 0.796603496046181 2 2 0
18.6259889 1.77170766254174 1.84871093453724 0.796603496046181 2 2 0
18.6449864 1.77170766254174 1.84871093453724 0.796603496046181 2 2 0
18.6889886 1.77170766254174 1.84871093453724 0.796603496046181 2 2 0
18.7049886 1.77170766254174 1.84871093453724 0.796603496046181 2 2 0
18.724002 1.77170766254174 1.84871093453724 0.796603496046181 2 2 0
18.740991 1.77170766254174 1.84871093453724 0.796603496046181 2 2 0
18.7600034 1.77170766254174 1.84871093453724 0.796603496046181 2 2 0
18.7849945 1.77170766254174 1.84871093453724 0.796603496046181 2 2 0
18.7989988 1.77170766254174 1.84871093453724 0.796603496046181 2 2 0
18.8129859 1.77170766254174 1.84871093453724 0.796603496046181 2 2 0
18.8289882 1.77170766254174 1.84871093453724 0.796603496046181 2 2 0
18.8459966 1.77170766254174 1.84871093453724 0.796603496046181 2 2 0
18.864989 1.77170766254174 1.84871093453724 0.796603496046181 2 2 0
18.8840097 1.77170766254174 1.84871093453724 0.796603496046181 2 2 0
18.900987 1.77170766254174 1.84871093453724 0.796603496046181 2 2 0
18.9159867 1.77170766254174 1.84871093453724 0.796603496046181 2 2 0
18.9319851 1.77170766254174 1.84871093453724 0.796603496046181 2 2 0
18.9470561 1.77170766254174 1.84871093453724 0.796603496046181 2 2 0
18.9619927 1.77170766254174 1.84871093453724 0.796603496046181 2 2 0
18.9859849 1.77170766254174 1.84871093453724 0.796603496046181 2 2 0
19.0010188 1.77170766254174 1.84871093453724 0.796603496046181 2 2 0
19.0169924 1.77170766254174 1.84871093453724 0.796603496046181 2 2 0
19.0330232 1.77170766254174 1.84871093453724 0.796603496046181 2 2 0
19.0559889 1.77170766254174 1.84871093453724 0.796603496046181 2 2 0
19.0689981 1.77170766254174 1.84871093453724 0.796603496046181 2 2 0
19.0999872 1.77170766254174 1.84871093453724 0.796603496046181 2 2 0
19.1139875 1.77170766254174 1.84871093453724 0.796603496046181 2 2 0
19.1320497 1.77170766254174 1.84871093453724 0.796603496046181 2 2 0
19.1499875 1.77170766254174 1.84871093453724 0.796603496046181 2 2 0
19.1629882 1.77170766254174 1.84871093453724 0.796603496046181 2 2 0
19.2029896 1.77170766254174 1.84871093453724 0.796603496046181 2 2 0
19.2179856 1.77170766254174 1.84871093453724 0.796603496046181 2 2 0
19.234988 1.77170766254174 1.84871093453724 0.796603496046181 2 2 0
19.251992 1.77170766254174 1.84871093453724 0.796603496046181 2 2 0
19.2869864 1.77170766254174 1.84871093453724 0.796603496046181 2 2 0
19.3049871 1.77170766254174 1.84871093453724 0.796603496046181 2 2 0
19.3199879 1.77170766254174 1.84871093453724 0.796603496046181 2 2 0
19.3360006 1.77170766254174 1.84871093453724 0.796603496046181 2 2 0
19.3529938 1.77170766254174 1.84871093453724 0.796603496046181 2 2 0
19.3740011 1.77170766254174 1.84871093453724 0.796603496046181 2 2 0
19.3949882 1.77170766254174 1.84871093453724 0.796603496046181 2 2 0
19.4099982 1.77170766254174 1.84871093453724 0.796603496046181 2 2 0
19.4279882 1.77170766254174 1.84871093453724 0.796603496046181 2 2 0
19.4810228 1.77170766254174 1.84871093453724 0.796603496046181 2 2 0
19.5309896 1.77170766254174 1.84871093453724 0.796603496046181 2 2 0
19.5489876 1.77170766254174 1.84871093453724 0.796603496046181 2 2 0
19.5649864 1.77170766254174 1.84871093453724 0.796603496046181 2 2 0
19.5789863 1.77170766254174 1.84871093453724 0.796603496046181 2 2 0
19.6059896 1.77170766254174 1.84871093453724 0.796603496046181 2 2 0
19.6199888 1.77170766254174 1.84871093453724 0.796603496046181 2 2 0
19.6339852 1.77170766254174 1.84871093453724 0.796603496046181 2 2 0
19.6639923 1.77170766254174 1.84871093453724 0.796603496046181 2 2 0
19.7180045 1.77170766254174 1.84871093453724 0.796603496046181 2 2 0
19.7339894 1.77170766254174 1.84871093453724 0.796603496046181 2 2 0
19.7500011 1.77170766254174 1.84871093453724 0.796603496046181 2 2 0
19.7669871 1.77170766254174 1.84871093453724 0.796603496046181 2 2 0
19.8029896 1.77170766254174 1.84871093453724 0.796603496046181 2 2 0
19.8179878 1.77170766254174 1.84871093453724 0.796603496046181 2 2 0
19.834986 1.77170766254174 1.84871093453724 0.796603496046181 2 2 0
19.8829882 1.77170766254174 1.84871093453724 0.796603496046181 2 2 0
19.9509943 1.77170766254174 1.84871093453724 0.796603496046181 2 2 0
19.9849912 1.77170766254174 1.84871093453724 0.796603496046181 2 2 0
20.0239903 1.77170766254174 1.84871093453724 0.796603496046181 2 2 0
20.0389884 1.77170766254174 1.84871093453724 0.796603496046181 2 2 0
20.0640309 1.77170766254174 1.84871093453724 0.796603496046181 2 2 0
20.1029929 1.77170766254174 1.84871093453724 0.796603496046181 2 2 0
20.1200047 1.77170766254174 1.84871093453724 0.796603496046181 2 2 0
20.135987 1.77170766254174 1.84871093453724 0.796603496046181 2 2 0
20.1519858 1.77170766254174 1.84871093453724 0.796603496046181 2 2 0
20.1850501 1.77170766254174 1.84871093453724 0.796603496046181 2 2 0
20.2079966 1.77170766254174 1.84871093453724 0.796603496046181 2 2 0
20.2209874 1.77170766254174 1.84871093453724 0.796603496046181 2 2 0
20.2659998 1.77170766254174 1.84871093453724 0.796603496046181 2 2 0
20.3039883 1.77170766254174 1.84871093453724 0.796603496046181 2 2 0
20.3209925 1.77170766254174 1.84871093453724 0.796603496046181 2 2 0
20.3370165 1.77170766254174 1.84871093453724 0.796603496046181 2 2 0
20.3529999 1.77170766254174 1.84871093453724 0.796603496046181 2 2 0
20.3689933 1.77170766254174 1.84871093453724 0.796603496046181 2 2 0
20.3809902 1.77170766254174 1.84871093453724 0.796603496046181 2 2 0
20.4109874 1.77170766254174 1.84871093453724 0.796603496046181 2 2 0
20.4289851 1.77170766254174 1.84871093453724 0.796603496046181 2 2 0
20.4469894 1.77170766254174 1.84871093453724 0.796603496046181 2 2 0
20.4619852 1.77170766254174 1.84871093453724 0.796603496046181 2 2 0
20.5129901 1.77170766254174 1.84871093453724 0.796603496046181 2 2 0
20.5329858 1.77170766254174 1.84871093453724 0.796603496046181 2 2 0
20.5479863 1.77170766254174 1.84871093453724 0.796603496046181 2 2 0
20.5629887 1.77170766254174 1.84871093453724 0.796603496046181 2 2 0
20.5810214 1.77170766254174 1.84871093453724 0.796603496046181 2 2 0
20.6159981 1.77170766254174 1.84871093453724 0.796603496046181 2 2 0
20.632988 1.77170766254174 1.84871093453724 0.796603496046181 2 2 0
20.6499877 1.77170766254174 1.84871093453724 0.796603496046181 2 2 0
20.6830532 1.77170766254174 1.84871093453724 0.796603496046181 2 2 0
20.7069879 1.77170766254174 1.84871093453724 0.796603496046181 2 2 0
20.7239938 1.77170766254174 1.84871093453724 0.796603496046181 2 2 0
20.7379858 1.77170766254174 1.84871093453724 0.796603496046181 2 2 0
20.7520149 1.77170766254174 1.84871093453724 0.796603496046181 2 2 0
20.7679876 1.77170766254174 1.84871093453724 0.796603496046181 2 2 0
20.7830039 1.77170766254174 1.84871093453724 0.796603496046181 2 2 0
20.8001489 1.77170766254174 1.84871093453724 0.796603496046181 2 2 0
20.8190242 1.77170766254174 1.84871093453724 0.796603496046181 2 2 0
20.8359914 1.77170766254174 1.84871093453724 0.796603496046181 2 2 0
20.8729858 1.77170766254174 1.84871093453724 0.796603496046181 2 2 0
20.8859853 1.77170766254174 1.84871093453724 0.796603496046181 2 2 0
20.9019869 1.77170766254174 1.84871093453724 0.796603496046181 2 2 0
20.9139872 1.77170766254174 1.84871093453724 0.796603496046181 2 2 0
20.9309952 1.77170766254174 1.84871093453724 0.796603496046181 2 2 0
20.9499924 1.77170766254174 1.84871093453724 0.796603496046181 2 2 0
20.9679876 1.77170766254174 1.84871093453724 0.796603496046181 2 2 0
20.9849899 1.77170766254174 1.84871093453724 0.796603496046181 2 2 0
21.0019879 1.77170766254174 1.84871093453724 0.796603496046181 2 2 0
21.0209873 1.77170766254174 1.84871093453724 0.796603496046181 2 2 0
21.0489989 1.77170766254174 1.84871093453724 0.796603496046181 2 2 0
21.0699877 1.77170766254174 1.84871093453724 0.796603496046181 2 2 0
21.1050498 1.77170766254174 1.84871093453724 0.796603496046181 2 2 0
21.1229867 1.77170766254174 1.84871093453724 0.796603496046181 2 2 0
21.1441445 1.77170766254174 1.84871093453724 0.796603496046181 2 2 0
21.1629859 1.77170766254174 1.84871093453724 0.796603496046181 2 2 0
21.1799881 1.77170766254174 1.84871093453724 0.796603496046181 2 2 0
21.2020005 1.77170766254174 1.84871093453724 0.796603496046181 2 2 0
21.2450171 1.77170766254174 1.84871093453724 0.796603496046181 2 2 0
21.2959988 1.77170766254174 1.84871093453724 0.796603496046181 2 2 0
21.3150484 1.77170766254174 1.84871093453724 0.796603496046181 2 2 0
21.3310241 1.77170766254174 1.84871093453724 0.796603496046181 2 2 0
21.348019 1.77170766254174 1.84871093453724 0.796603496046181 2 2 0
21.3669855 1.77170766254174 1.84871093453724 0.796603496046181 2 2 0
21.380985 1.77170766254174 1.84871093453724 0.796603496046181 2 2 0
21.3969873 1.77170766254174 1.84871093453724 0.796603496046181 2 2 0
21.4339902 1.77170766254174 1.84871093453724 0.796603496046181 2 2 0
21.4519954 1.77170766254174 1.84871093453724 0.796603496046181 2 2 0
21.4859892 1.77170766254174 1.84871093453724 0.796603496046181 2 2 0
21.5279887 1.77170766254174 1.84871093453724 0.796603496046181 2 2 0
21.5489876 1.77170766254174 1.84871093453724 0.796603496046181 2 2 0
21.5630524 1.77170766254174 1.84871093453724 0.796603496046181 2 2 0
21.5843007 1.77170766254174 1.84871093453724 0.796603496046181 2 2 0
21.6009894 1.77170766254174 1.84871093453724 0.796603496046181 2 2 0
21.6209889 1.77170766254174 1.84871093453724 0.796603496046181 2 2 0
21.6359923 1.77170766254174 1.84871093453724 0.796603496046181 2 2 0
21.6519921 1.77170766254174 1.84871093453724 0.796603496046181 2 2 0
21.7659973 1.77170766254174 1.84871093453724 0.796603496046181 0 0 0
21.7890492 1.77170766254174 1.84871093453724 0.796603496046181 0 0 0
21.8029851 1.77170766254174 1.84871093453724 0.796603496046181 0 0 0
21.8219853 1.77170766254174 1.84871093453724 0.796603496046181 0 0 0
21.8359882 1.77170766254174 1.84871093453724 0.796603496046181 0 0 0
21.8569885 1.77170766254174 1.84871093453724 0.796603496046181 0 0 0
21.8709895 1.77068523473859 1.84765253336828 0.80268443876409 0 0 0
21.8840054 1.77068523473859 1.84765253336828 0.80268443876409 0 0 0
21.9199976 1.77068523473859 1.84765253336828 0.80268443876409 0 0 0
21.9349865 1.77068523473859 1.84765253336828 0.80268443876409 0 0 0
21.9539897 1.77068523473859 1.84765253336828 0.80268443876409 0 0 0
21.9699921 1.77068523473859 1.84765253336828 0.80268443876409 0 0 0
21.9899866 1.77068523473859 1.84765253336828 0.80268443876409 0 0 0
22.0129851 1.7554456418026 1.83168355006478 0.808765381482 0 0 0
22.030989 1.7554456418026 1.83168355006478 0.808765381482 0 0 0
22.0519895 1.7554456418026 1.83168355006478 0.808765381482 0 0 0
22.0689905 1.7554456418026 1.83168355006478 0.808765381482 0 0 0
22.0970177 1.73881482366687 1.8171690914549 0.717551240713354 0 0 0
22.1119923 1.72087991902022 1.79767590267054 0.82700820963573 0 0 0
22.1289854 1.72087991902022 1.79767590267054 0.82700820963573 0 0 0
22.1459865 1.72087991902022 1.79767590267054 0.82700820963573 0 0 0
22.1590222 1.72087991902022 1.79767590267054 0.82700820963573 0 0 0
22.1820404 1.69471454932247 1.7762059043029 0.687146527123805 0 0 0
22.1960288 1.67013606294808 1.74883109312557 0.839170095071549 0 0 0
22.2120121 1.67013606294808 1.74883109312557 0.839170095071549 0 0 0
22.2489901 1.67013606294808 1.74883109312557 0.839170095071549 0 0 0
22.3189863 1.67013606294808 1.74883109312557 0.839170095071549 0 0 0
22.3339865 1.60895608148469 1.68314165739141 0.82092726691782 0 0 0
22.3499903 1.60895608148469 1.68314165739141 0.82092726691782 0 0 0
22.3680136 1.60895608148469 1.68314165739141 0.82092726691782 0 0 0
22.3829882 1.53899462578022 1.61159448405806 0.796603496046181 0 0 0
22.3979895 1.53899462578022 1.61159448405806 0.796603496046181 0 0 0
22.4149927 1.53899462578022 1.61159448405806 0.796603496046181 0 0 0
22.4369855 1.53899462578022 1.61159448405806 0.796603496046181 0 0 0
22.450993 1.53899462578022 1.61159448405806 0.796603496046181 0 0 0
22.5169969 1.4687875281032 1.54236866113272 0.778360667892451 0 0 0
22.5329908 1.4687875281032 1.54236866113272 0.778360667892451 0 0 0
22.5500141 1.4687875281032 1.54236866113272 0.778360667892451 0 0 0
22.5669932 1.4687875281032 1.54236866113272 0.778360667892451 0 0 0
22.5899873 1.40092479253603 1.47706299072085 0.766198782456632 0 0 0
22.603988 1.40092479253603 1.47706299072085 0.766198782456632 0 0 0
22.6189875 1.40092479253603 1.47706299072085 0.766198782456632 0 0 0
22.6689861 1.40092479253603 1.47706299072085 0.766198782456632 0 0 0
22.7059911 1.33441822828301 1.41460232851825 0.754036897020812 0 0 0
22.7199862 1.33441822828301 1.41460232851825 0.754036897020812 0 0 0
22.7359857 1.33441822828301 1.41460232851825 0.754036897020812 0 0 0
22.7519917 1.33441822828301 1.41460232851825 0.754036897020812 0 0 0
22.7649886 1.33441822828301 1.41460232851825 0.754036897020812 0 0 0
22.782002 1.26429669797131 1.34954457574559 0.747955954302902 0 0 0
22.7959877 1.26429669797131 1.34954457574559 0.747955954302902 0 0 0
22.8109914 1.26429669797131 1.34954457574559 0.747955954302902 0 0 0
22.8249923 1.26429669797131 1.34954457574559 0.747955954302902 0 0 0
22.8479887 1.26429669797131 1.34954457574559 0.747955954302902 0 0 0
22.9070214 1.21999128831883 1.32327946688902 0.53512295917606 0 0 0
22.9419949 1.18399207066835 1.29068554334081 0.735794068867083 0 0 0
22.9629933 1.18399207066835 1.29068554334081 0.735794068867083 0 0 0
22.9810062 1.18399207066835 1.29068554334081 0.735794068867083 0 0 0
23.001987 1.10900053913395 1.22442942291101 0.723632183431263 0 0 0
23.0150018 1.10900053913395 1.22442942291101 0.723632183431263 0 0 0
23.0299878 1.10900053913395 1.22442942291101 0.723632183431263 0 0 0
23.0880012 1.10900053913395 1.22442942291101 0.723632183431263 0 0 0
23.1109976 1.03842027416039 1.16207072133003 0.723632183431263 0 0 0
23.1299879 1.03842027416039 1.16207072133003 0.723632183431263 0 0 0
23.1451007 1.03842027416039 1.16207072133003 0.723632183431263 0 0 0
23.1649865 1.03842027416039 1.16207072133003 0.723632183431263 0 0 0
23.1839988 0.967086848248728 1.10057499941128 0.711470297995444 0 0 0
23.1989858 0.967086848248728 1.10057499941128 0.711470297995444 0 0 0
23.2159867 0.967086848248728 1.10057499941128 0.711470297995444 0 0 0
23.2329856 0.967086848248728 1.10057499941128 0.711470297995444 0 0 0
23.3029904 0.967086848248728 1.10057499941128 0.711470297995444 0 0 0
23.3239956 0.895753422337062 1.03907927749253 0.711470297995444 0 0 0
23.3369852 0.895753422337062 1.03907927749253 0.711470297995444 0 0 0
23.3519879 0.895753422337062 1.03907927749253 0.711470297995444 0 0 0
23.3780124 0.895753422337062 1.03907927749253 0.711470297995444 0 0 0
23.3930048 0.828878335544875 0.981427038193708 0.711470297995444 0 0 0
23.4059874 0.828878335544875 0.981427038193708 0.711470297995444 0 0 0
23.4189905 0.828878335544875 0.981427038193708 0.711470297995444 0 0 0
23.4369918 0.828878335544875 0.981427038193708 0.711470297995444 0 0 0
23.5489982 0.828878335544875 0.981427038193708 0.711470297995444 0 0 0
23.5639973 0.762003248752688 0.923774798894881 0.711470297995444 0 0 0
23.5880426 0.725293052183487 0.90201228012801 0.53512295917606 0 0 0
23.603988 0.692031415912021 0.872983362908233 0.717551240713353 0 0 0
23.6180026 0.692031415912021 0.872983362908233 0.717551240713353 0 0 0
23.6490043 0.692031415912021 0.872983362908233 0.717551240713353 0 0 0
23.68699 0.692031415912021 0.872983362908233 0.717551240713353 0 0 0
23.7049908 0.63060662357703 0.818044964934035 0.729713126149173 0 0 0
23.7229956 0.63060662357703 0.818044964934035 0.729713126149173 0 0 0
23.7390086 0.63060662357703 0.818044964934035 0.729713126149173 0 0 0
23.7569872 0.63060662357703 0.818044964934035 0.729713126149173 0 0 0
23.7729867 0.63060662357703 0.818044964934035 0.729713126149173 0 0 0
23.7910242 0.63060662357703 0.818044964934035 0.729713126149173 0 0 0
23.8139885 0.58340841668779 0.773718043370897 0.754036897020812 0 0 0
23.8300211 0.58340841668779 0.773718043370897 0.754036897020812 0 0 0
23.8569861 0.58340841668779 0.773718043370897 0.754036897020812 0 0 0
23.8979967 0.538355582838971 0.73140598187881 0.754036897020812 0 0 0
23.912989 0.538355582838971 0.73140598187881 0.754036897020812 0 0 0
23.9290028 0.538355582838971 0.73140598187881 0.754036897020812 0 0 0
23.9470149 0.538355582838971 0.73140598187881 0.754036897020812 0 0 0
23.9649925 0.538355582838971 0.73140598187881 0.754036897020812 0 0 0
23.9809879 0.538355582838971 0.73140598187881 0.754036897020812 0 0 0
24.0009897 0.491157375949731 0.687079060315671 0.754036897020812 0 0 0
24.0149869 0.491157375949731 0.687079060315671 0.754036897020812 0 0 0
24.031018 0.491157375949731 0.687079060315671 0.754036897020812 0 0 0
24.0479914 0.491157375949731 0.687079060315671 0.754036897020812 0 0 0
24.0959911 0.491157375949731 0.687079060315671 0.754036897020812 0 0 0
24.1219871 0.442381034760828 0.64014060970714 0.766198782456632 0 0 0
24.1349865 0.442381034760828 0.64014060970714 0.766198782456632 0 0 0
24.1490029 0.442381034760828 0.64014060970714 0.766198782456632 0 0 0
24.1629917 0.442381034760828 0.64014060970714 0.766198782456632 0 0 0
24.1869854 0.394945154337996 0.593933252782851 0.772279725174541 0 0 0
24.2019884 0.394945154337996 0.593933252782851 0.772279725174541 0 0 0
24.2189876 0.394945154337996 0.593933252782851 0.772279725174541 0 0 0
24.2339878 0.394945154337996 0.593933252782851 0.772279725174541 0 0 0
24.2790035 0.394945154337996 0.593933252782851 0.772279725174541 0 0 0
24.3099946 0.370242491485862 0.575364581737413 0.644579928098436 0 0 0
24.3239857 0.346286500276639 0.551454377085214 0.784441610610361 0 0 0
24.3379882 0.346286500276639 0.551454377085214 0.784441610610361 0 0 0
24.3509882 0.346286500276639 0.551454377085214 0.784441610610361 0 0 0
24.3879876 0.304623906869295 0.509871412472693 0.784441610610361 0 0 0
24.4029885 0.304623906869295 0.509871412472693 0.784441610610361 0 0 0
24.4189894 0.304623906869295 0.509871412472693 0.784441610610361 0 0 0
24.4359881 0.304623906869295 0.509871412472693 0.784441610610361 0 0 0
24.4520548 0.304623906869295 0.509871412472693 0.784441610610361 0 0 0
24.507989 0.304623906869295 0.509871412472693 0.784441610610361 0 0 0
24.523989 0.267585489143397 0.471993497178562 0.796603496046181 0 0 0
24.5390064 0.267585489143397 0.471993497178562 0.796603496046181 0 0 0
24.5550263 0.267585489143397 0.471993497178562 0.796603496046181 0 0 0
24.5719897 0.267585489143397 0.471993497178562 0.796603496046181 0 0 0
24.5889874 0.267585489143397 0.471993497178562 0.796603496046181 0 0 0
24.6040117 0.267585489143397 0.471993497178562 0.796603496046181 0 0 0
24.6309855 0.237106303271424 0.440055530571566 0.808765381482 0 0 0
24.6460197 0.237106303271424 0.440055530571566 0.808765381482 0 0 0
24.6600509 0.237106303271424 0.440055530571566 0.808765381482 0 0 0
24.7220353 0.237106303271424 0.440055530571566 0.808765381482 0 0 0
24.7419914 0.209023688829212 0.40990300269359 0.82092726691782 0 0 0
24.7610087 0.209023688829212 0.40990300269359 0.82092726691782 0 0 0
24.7829879 0.181682732318592 0.379076386459784 0.845251037789459 0 0 0
24.7969884 0.181682732318592 0.379076386459784 0.845251037789459 0 0 0
24.8129908 0.181682732318592 0.379076386459784 0.845251037789459 0 0 0
24.8299923 0.181682732318592 0.379076386459784 0.845251037789459 0 0 0
24.847988 0.181682732318592 0.379076386459784 0.845251037789459 0 0 0
24.8969929 0.181682732318592 0.379076386459784 0.845251037789459 0 0 0
24.9139895 0.154349000002193 0.346302725802432 0.875655751379008 0 0 0
24.9300217 0.154349000002193 0.346302725802432 0.875655751379008 0 0 0
24.9480067 0.154349000002193 0.346302725802432 0.875655751379008 0 0 0
24.9659923 0.154349000002193 0.346302725802432 0.875655751379008 0 0 0
24.9839853 0.154349000002193 0.346302725802432 0.875655751379008 0 0 0
24.9979918 0.131655225209021 0.317346295340671 0.906060464968556 0 0 0
25.0170375 0.131655225209021 0.317346295340671 0.906060464968556 0 0 0
25.0339904 0.131655225209021 0.317346295340671 0.906060464968556 0 0 0
25.0499852 0.131655225209021 0.317346295340671 0.906060464968556 0 0 0
25.120987 0.131655225209021 0.317346295340671 0.906060464968556 0 0 0
25.1749959 0.131655225209021 0.317346295340671 0.906060464968556 0 0 0
25.2669897 0.111596456305623 0.290083991853869 0.936465178558105 0 0 0
25.2879867 0.092715970183312 0.261992807380593 0.979031777583474 0 0 0
25.303989 0.0750479715196247 0.233123633084358 1.02159837660884 0 0 0
25.3659911 0.0750479715196247 0.233123633084358 1.02159837660884 0 0 0
25.4119905 0.0750479715196247 0.233123633084358 1.02159837660884 0 0 0
25.4689903 0.060923418556412 0.207302601686729 1.07024591835212 0 0 0
25.5249886 0.0495903135956609 0.184999890237978 1.10065063194167 0 0 0
25.5700013 0.0495903135956609 0.184999890237978 1.10065063194167 0 0 0
25.620001 0.0429237812658074 0.1718806482093 1.10065063194167 0 0 0
25.6460057 0.0429237812658074 0.1718806482093 1.10065063194167 0 0 0
25.7009866 0.0429237812658074 0.1718806482093 1.10065063194167 0 0 0
25.7509853 0.0429237812658074 0.1718806482093 1.10065063194167 0 0 0
25.8029887 0.034266828618955 0.153185482692364 1.13713628824913 0 0 0
25.8159867 0.0254238619858202 0.131363743925988 1.18578382999241 0 0 0
25.8399878 0.0254238619858202 0.131363743925988 1.18578382999241 0 0 0
25.911012 0.0236914438575529 0.127303094685665 1.16754100183868 0 0 0
25.990995 0.0172474057763679 0.107734588967452 1.25267419988941 0 0 0
26.0239882 0.0172474057763679 0.107734588967452 1.25267419988941 0 0 0
26.0639928 0.0172474057763679 0.107734588967452 1.25267419988941 0 0 0
26.0950061 0.012042310035212 0.0893256621467855 1.29524079891478 0 0 0
26.1069995 0.0102565184595424 0.0821877184914835 1.32564551250433 0 0 0
26.1209942 0.0102565184595424 0.0821877184914835 1.32564551250433 0 0 0
26.1379861 0.0102565184595424 0.0821877184914835 1.32564551250433 0 0 0
26.1549858 0.0102565184595424 0.0821877184914835 1.32564551250433 0 0 0
26.1700106 0.0102565184595424 0.0821877184914835 1.32564551250433 0 0 0
26.190998 0.00781722370037318 0.0721795792145367 1.33172645522224 0 0 0
26.2039868 0.00781722370037318 0.0721795792145367 1.33172645522224 0 0 0
26.2209933 0.00781722370037318 0.0721795792145367 1.33172645522224 0 0 0
26.2419856 0.00781722370037318 0.0721795792145367 1.33172645522224 0 0 0
26.2659973 0.00781722370037318 0.0721795792145367 1.33172645522224 0 0 0
26.3130334 0.00520893767155374 0.0637440932600595 1.27091702804314 0 0 0
26.3649868 0.00520893767155374 0.0637440932600595 1.27091702804314 0 0 0
26.3809884 -0.000483374576967469 0.0501737304801879 1.17362194455659 0 0 0
26.3960409 -0.000483374576967469 0.0501737304801879 1.17362194455659 0 0 0
26.4129957 -0.000483374576967469 0.0501737304801879 1.17362194455659 0 0 0
26.4269858 -0.000483374576967469 0.0501737304801879 1.17362194455659 0 0 0
26.4539922 -0.000483374576967469 0.0501737304801879 1.17362194455659 0 0 0
26.4669869 -0.000483374576967469 0.0501737304801879 1.17362194455659 0 0 0
26.4990185 -0.000483374576967469 0.0501737304801879 1.17362194455659 0 0 0
26.5149882 -0.0104802895198611 0.0321594657308273 1.06416497563421 0 0 0
26.530988 -0.0104802895198611 0.0321594657308273 1.06416497563421 0 0 0
26.5479855 -0.0104802895198611 0.0321594657308273 1.06416497563421 0 0 0
26.5649887 -0.0104802895198611 0.0321594657308273 1.06416497563421 0 0 0
26.5810088 -0.0104802895198611 0.0321594657308273 1.06416497563421 0 0 0
26.6019872 -0.0238512273735472 0.0127789507073415 0.966869892147654 0 0 0
26.6149908 -0.0238512273735472 0.0127789507073415 0.966869892147654 0 0 0
26.6319882 -0.0238512273735472 0.0127789507073415 0.966869892147654 0 0 0
26.6480033 -0.0238512273735472 0.0127789507073415 0.966869892147654 0 0 0
26.6869873 -0.0238512273735472 0.0127789507073415 0.966869892147654 0 0 0
26.737023 -0.0401069149288589 -0.00623690657340549 0.863493865943188 0 0 0
26.7520081 -0.0401069149288589 -0.00623690657340549 0.863493865943188 0 0 0
26.7669954 -0.0401069149288589 -0.00623690657340549 0.863493865943188 0 0 0
26.7840095 -0.0401069149288589 -0.00623690657340549 0.863493865943188 0 0 0
26.8149917 -0.0582381051434715 -0.0234737899175368 0.760117839738722 0 0 0
26.8339992 -0.0582381051434715 -0.0234737899175368 0.760117839738722 0 0 0
26.8570065 -0.0582381051434715 -0.0234737899175368 0.760117839738722 0 0 0
26.8919868 -0.0767979726842543 -0.0379623253345931 0.662822756252165 0 0 0
26.9049977 -0.0767979726842543 -0.0379623253345931 0.662822756252165 0 0 0
26.9189892 -0.0767979726842543 -0.0379623253345931 0.662822756252165 0 0 0
26.9379873 -0.0767979726842543 -0.0379623253345931 0.662822756252165 0 0 0
26.9539892 -0.0767979726842543 -0.0379623253345931 0.662822756252165 0 0 0
26.9699987 -0.0767979726842543 -0.0379623253345931 0.662822756252165 0 0 0
26.9850429 -0.0767979726842543 -0.0379623253345931 0.662822756252165 0 0 0
27.0030122 -0.0953627595587724 -0.0499039462005268 0.571608615483518 0 0 0
27.0200197 -0.0953627595587724 -0.0499039462005268 0.571608615483518 0 0 0
27.0379928 -0.0953627595587724 -0.0499039462005268 0.571608615483518 0 0 0
27.0639865 -0.0953627595587724 -0.0499039462005268 0.571608615483518 0 0 0
27.1049889 -0.113574848691347 -0.0595357607887896 0.486475417432782 0 0 0
27.1209992 -0.113574848691347 -0.0595357607887896 0.486475417432782 0 0 0
27.1379911 -0.113574848691347 -0.0595357607887896 0.486475417432782 0 0 0
27.1560513 -0.113574848691347 -0.0595357607887896 0.486475417432782 0 0 0
27.1759883 -0.113574848691347 -0.0595357607887896 0.486475417432782 0 0 0
27.1919868 -0.129745573174505 -0.0666315332537894 0.413504104817864 0 0 0
27.2079873 -0.129745573174505 -0.0666315332537894 0.413504104817864 0 0 0
27.2259872 -0.129745573174505 -0.0666315332537894 0.413504104817864 0 0 0
27.2599912 -0.129745573174505 -0.0666315332537894 0.413504104817864 0 0 0
27.2859995 -0.13381994155469 -0.068331435347038 0.395261276664135 0 0 0
27.2989854 -0.13381994155469 -0.068331435347038 0.395261276664135 0 0 0
27.3210039 -0.13381994155469 -0.068331435347038 0.395261276664135 0 0 0
27.333985 -0.13381994155469 -0.068331435347038 0.395261276664135 0 0 0
27.3480214 -0.13381994155469 -0.068331435347038 0.395261276664135 0 0 0
27.3649876 -0.13381994155469 -0.068331435347038 0.395261276664135 0 0 0
27.3819852 -0.13381994155469 -0.068331435347038 0.395261276664135 0 0 0
27.3979868 -0.13381994155469 -0.068331435347038 0.395261276664135 0 0 0
27.4159864 -0.1297772604339 -0.0665574922307881 0.413504104817864 0 0 0
27.433026 -0.1297772604339 -0.0665574922307881 0.413504104817864 0 0 0
27.4579962 -0.1297772604339 -0.0665574922307881 0.413504104817864 0 0 0
27.4810045 -0.1297772604339 -0.0665574922307881 0.413504104817864 0 0 0
27.5179923 -0.123094512948433 -0.0634785025874997 0.431746932971594 0 0 0
27.5349853 -0.123094512948433 -0.0634785025874997 0.431746932971594 0 0 0
27.5489911 -0.123094512948433 -0.0634785025874997 0.431746932971594 0 0 0
27.5659898 -0.123094512948433 -0.0634785025874997 0.431746932971594 0 0 0
27.582991 -0.123094512948433 -0.0634785025874997 0.431746932971594 0 0 0
27.6020182 -0.119073704764487 -0.0616555252502861 0.425665990253684 0 0 0
27.6179893 -0.119073704764487 -0.0616555252502861 0.425665990253684 0 0 0
27.6349917 -0.119073704764487 -0.0616555252502861 0.425665990253684 0 0 0
27.6510019 -0.119073704764487 -0.0616555252502861 0.425665990253684 0 0 0
27.6970081 -0.119073704764487 -0.0616555252502861 0.425665990253684 0 0 0
27.7389894 -0.113712627185893 -0.0592248888006679 0.425665990253684 0 0 0
27.7550119 -0.113712627185893 -0.0592248888006679 0.425665990253684 0 0 0
27.775007 -0.113712627185893 -0.0592248888006679 0.425665990253684 0 0 0
27.7889851 -0.113712627185893 -0.0592248888006679 0.425665990253684 0 0 0
27.8039856 -0.113712627185893 -0.0592248888006679 0.425665990253684 0 0 0
27.8199858 -0.113712627185893 -0.0592248888006679 0.425665990253684 0 0 0
27.8399879 -0.113712627185893 -0.0592248888006679 0.425665990253684 0 0 0
27.8729887 -0.113712627185893 -0.0592248888006679 0.425665990253684 0 0 0
27.8909856 -0.113712627185893 -0.0592248888006679 0.425665990253684 0 0 0
27.9049871 -0.113712627185893 -0.0592248888006679 0.425665990253684 0 0 0
27.9239974 -0.113712627185893 -0.0592248888006679 0.425665990253684 0 0 0
27.9379858 -0.113712627185893 -0.0592248888006679 0.425665990253684 0 0 0
27.9569877 -0.113712627185893 -0.0592248888006679 0.425665990253684 0 0 0
27.9739974 -0.113712627185893 -0.0592248888006679 0.425665990253684 0 0 0
27.9909996 -0.113712627185893 -0.0592248888006679 0.425665990253684 0 0 0
28.0060283 -0.113712627185893 -0.0592248888006679 0.425665990253684 0 0 0
28.022988 -0.113712627185893 -0.0592248888006679 0.425665990253684 0 0 0
28.0409874 -0.113712627185893 -0.0592248888006679 0.425665990253684 0 0 0
28.0579877 -0.113712627185893 -0.0592248888006679 0.425665990253684 0 0 0
28.1009919 -0.113712627185893 -0.0592248888006679 0.425665990253684 0 0 0
28.1319857 -0.113712627185893 -0.0592248888006679 0.425665990253684 0 0 0
28.1479905 -0.113712627185893 -0.0592248888006679 0.425665990253684 0 0 0
28.1629889 -0.113712627185893 -0.0592248888006679 0.425665990253684 0 0 0
28.18099 -0.113712627185893 -0.0592248888006679 0.425665990253684 0 0 0
28.1979878 -0.113712627185893 -0.0592248888006679 0.425665990253684 0 0 0
28.2150278 -0.113712627185893 -0.0592248888006679 0.425665990253684 0 0 0
28.2319878 -0.113712627185893 -0.0592248888006679 0.425665990253684 0 0 0
28.2559909 -0.113712627185893 -0.0592248888006679 0.425665990253684 0 0 0
28.2889977 -0.113712627185893 -0.0592248888006679 0.425665990253684 0 0 0
28.3029883 -0.113712627185893 -0.0592248888006679 0.425665990253684 0 0 0
28.3300341 -0.113712627185893 -0.0592248888006679 0.425665990253684 0 0 0
28.3479961 -0.113712627185893 -0.0592248888006679 0.425665990253684 0 0 0
28.3679863 -0.113712627185893 -0.0592248888006679 0.425665990253684 0 0 0
28.3839878 -0.113712627185893 -0.0592248888006679 0.425665990253684 0 0 0
28.4000009 -0.113712627185893 -0.0592248888006679 0.425665990253684 0 0 0
28.4170316 -0.113712627185893 -0.0592248888006679 0.425665990253684 0 0 0
28.4349886 -0.113712627185893 -0.0592248888006679 0.425665990253684 0 0 0
28.4579876 -0.113712627185893 -0.0592248888006679 0.425665990253684 0 0 0
28.4899866 -0.113712627185893 -0.0592248888006679 0.425665990253684 0 0 0
28.5029873 -0.113712627185893 -0.0592248888006679 0.425665990253684 0 0 0
28.5189854 -0.113712627185893 -0.0592248888006679 0.425665990253684 0 0 0
28.5409853 -0.113712627185893 -0.0592248888006679 0.425665990253684 0 0 0
28.5549853 -0.113712627185893 -0.0592248888006679 0.425665990253684 0 0 0
28.5680047 -0.113712627185893 -0.0592248888006679 0.425665990253684 0 0 0
28.5839871 -0.113712627185893 -0.0592248888006679 0.425665990253684 0 0 0
28.6029932 -0.113712627185893 -0.0592248888006679 0.425665990253684 0 0 0
28.6189908 -0.113712627185893 -0.0592248888006679 0.425665990253684 0 0 0
28.6359947 -0.113712627185893 -0.0592248888006679 0.425665990253684 0 0 0
28.6599884 -0.113712627185893 -0.0592248888006679 0.425665990253684 0 0 0
28.7390354 -0.113712627185893 -0.0592248888006679 0.425665990253684 0 0 0
28.754988 -0.113712627185893 -0.0592248888006679 0.425665990253684 0 0 0
28.7739962 -0.113712627185893 -0.0592248888006679 0.425665990253684 0 0 0
28.7869847 -0.113712627185893 -0.0592248888006679 0.425665990253684 0 0 0
28.8050326 -0.113712627185893 -0.0592248888006679 0.425665990253684 0 0 0
28.8209928 -0.113712627185893 -0.0592248888006679 0.425665990253684 0 0 0
28.8349874 -0.113712627185893 -0.0592248888006679 0.425665990253684 0 0 0
28.8470089 -0.113712627185893 -0.0592248888006679 0.425665990253684 0 0 0
28.9071168 -0.113712627185893 -0.0592248888006679 0.425665990253684 0 0 0
28.9520015 -0.113712627185893 -0.0592248888006679 0.425665990253684 0 0 0
28.9969948 -0.113712627185893 -0.0592248888006679 0.425665990253684 0 0 0
29.0109894 -0.113712627185893 -0.0592248888006679 0.425665990253684 0 0 0
29.0259871 -0.113712627185893 -0.0592248888006679 0.425665990253684 0 0 0
29.0419881 -0.113712627185893 -0.0592248888006679 0.425665990253684 0 0 0
29.0669886 -0.113712627185893 -0.0592248888006679 0.425665990253684 0 0 0
29.1130004 -0.113712627185893 -0.0592248888006679 0.425665990253684 0 0 0
29.1449982 -0.113712627185893 -0.0592248888006679 0.425665990253684 0 0 0
29.1630518 -0.113712627185893 -0.0592248888006679 0.425665990253684 0 0 0
29.1839918 -0.113712627185893 -0.0592248888006679 0.425665990253684 0 0 0
29.1980029 -0.113712627185893 -0.0592248888006679 0.425665990253684 0 0 0
29.2169892 -0.113712627185893 -0.0592248888006679 0.425665990253684 0 0 0
29.2349907 -0.113712627185893 -0.0592248888006679 0.425665990253684 0 0 0
29.2589904 -0.113712627185893 -0.0592248888006679 0.425665990253684 0 0 0
29.288987 -0.113712627185893 -0.0592248888006679 0.425665990253684 0 0 0
29.3019851 -0.113712627185893 -0.0592248888006679 0.425665990253684 0 0 0
29.3189872 -0.113712627185893 -0.0592248888006679 0.425665990253684 0 0 0
29.3460011 -0.113712627185893 -0.0592248888006679 0.425665990253684 0 0 0
29.358989 -0.113712627185893 -0.0592248888006679 0.425665990253684 0 0 0
29.371989 -0.113712627185893 -0.0592248888006679 0.425665990253684 0 0 0
29.3859871 -0.113712627185893 -0.0592248888006679 0.425665990253684 0 0 0
29.4019874 -0.113712627185893 -0.0592248888006679 0.425665990253684 0 0 0
29.4189863 -0.113712627185893 -0.0592248888006679 0.425665990253684 0 0 0
29.4379901 -0.113712627185893 -0.0592248888006679 0.425665990253684 0 0 0
29.4599872 -0.113712627185893 -0.0592248888006679 0.425665990253684 0 0 0
29.4990053 -0.113712627185893 -0.0592248888006679 0.425665990253684 0 0 0
29.5169893 -0.113712627185893 -0.0592248888006679 0.425665990253684 0 0 0
29.555989 -0.113712627185893 -0.0592248888006679 0.425665990253684 0 0 0
29.5719893 -0.113712627185893 -0.0592248888006679 0.425665990253684 0 0 0
29.5900217 -0.113712627185893 -0.0592248888006679 0.425665990253684 0 0 0
29.6050261 -0.113712627185893 -0.0592248888006679 0.425665990253684 0 0 0
29.620987 -0.113712627185893 -0.0592248888006679 0.425665990253684 0 0 0
29.6389874 -0.113712627185893 -0.0592248888006679 0.425665990253684 0 0 0
29.6559882 -0.113712627185893 -0.0592248888006679 0.425665990253684 0 0 0
29.6899969 -0.113712627185893 -0.0592248888006679 0.425665990253684 0 0 0
29.7089871 -0.113712627185893 -0.0592248888006679 0.425665990253684 0 0 0
29.7229852 -0.113712627185893 -0.0592248888006679 0.425665990253684 0 0 0
29.7410372 -0.113712627185893 -0.0592248888006679 0.425665990253684 0 0 0
29.757994 -0.113712627185893 -0.0592248888006679 0.425665990253684 0 0 0
29.7759873 -0.113712627185893 -0.0592248888006679 0.425665990253684 0 0 0
29.788986 -0.113712627185893 -0.0592248888006679 0.425665990253684 0 0 0
29.8089976 -0.113712627185893 -0.0592248888006679 0.425665990253684 0 0 0
29.825989 -0.113712627185893 -0.0592248888006679 0.425665990253684 0 0 0
29.9080417 -0.113712627185893 -0.0592248888006679 0.425665990253684 0 0 0
29.9390244 -0.113712627185893 -0.0592248888006679 0.425665990253684 0 0 0
29.9820096 -0.113712627185893 -0.0592248888006679 0.425665990253684 0 0 0
30.0009854 -0.113712627185893 -0.0592248888006679 0.425665990253684 0 0 0
30.0179875 -0.113712627185893 -0.0592248888006679 0.425665990253684 0 0 0
30.0519889 -0.113712627185893 -0.0592248888006679 0.425665990253684 0 0 0
30.0950044 -0.113712627185893 -0.0592248888006679 0.425665990253684 0 0 0
30.1179889 -0.113712627185893 -0.0592248888006679 0.425665990253684 0 0 0
30.136987 -0.113712627185893 -0.0592248888006679 0.425665990253684 0 0 0
30.1679899 -0.113712627185893 -0.0592248888006679 0.425665990253684 0 0 0
30.1879919 -0.113712627185893 -0.0592248888006679 0.425665990253684 0 0 0
30.2019864 -0.113712627185893 -0.0592248888006679 0.425665990253684 0 0 0
30.2199865 -0.113712627185893 -0.0592248888006679 0.425665990253684 0 0 0
30.2370178 -0.113712627185893 -0.0592248888006679 0.425665990253684 0 0 0
30.254991 -0.113712627185893 -0.0592248888006679 0.425665990253684 0 0 0
30.3069875 -0.113712627185893 -0.0592248888006679 0.425665990253684 0 0 0
30.323988 -0.113712627185893 -0.0592248888006679 0.425665990253684 0 0 0
30.3399854 -0.113712627185893 -0.0592248888006679 0.425665990253684 0 0 0
30.3889976 -0.113712627185893 -0.0592248888006679 0.425665990253684 0 0 0
30.406025 -0.113712627185893 -0.0592248888006679 0.425665990253684 0 0 0
30.4230211 -0.113712627185893 -0.0592248888006679 0.425665990253684 0 0 0
30.443006 -0.113712627185893 -0.0592248888006679 0.425665990253684 0 0 0
30.4749881 -0.113712627185893 -0.0592248888006679 0.425665990253684 0 0 0
30.5259864 -0.113712627185893 -0.0592248888006679 0.425665990253684 0 0 0
30.5740274 -0.113712627185893 -0.0592248888006679 0.425665990253684 0 0 0
30.6129948 -0.113712627185893 -0.0592248888006679 0.425665990253684 0 0 0
30.6299973 -0.113712627185893 -0.0592248888006679 0.425665990253684 0 0 0
30.653999 -0.113712627185893 -0.0592248888006679 0.425665990253684 0 0 0
30.6970162 -0.113712627185893 -0.0592248888006679 0.425665990253684 0 0 0
30.7680498 -0.113712627185893 -0.0592248888006679 0.425665990253684 0 0 0
30.7820158 -0.113712627185893 -0.0592248888006679 0.425665990253684 0 0 0
30.7960346 -0.113712627185893 -0.0592248888006679 0.425665990253684 0 0 0
30.8119951 -0.113712627185893 -0.0592248888006679 0.425665990253684 0 0 0
30.8589866 -0.113712627185893 -0.0592248888006679 0.425665990253684 0 0 0
30.9000247 -0.113712627185893 -0.0592248888006679 0.425665990253684 0 0 0
30.9180066 -0.113712627185893 -0.0592248888006679 0.425665990253684 0 0 0
30.9519863 -0.113712627185893 -0.0592248888006679 0.425665990253684 0 0 0
30.9889864 -0.113712627185893 -0.0592248888006679 0.425665990253684 0 0 0
31.0039868 -0.113712627185893 -0.0592248888006679 0.425665990253684 0 0 0
31.0229995 -0.113712627185893 -0.0592248888006679 0.425665990253684 0 0 0
31.0369873 -0.113712627185893 -0.0592248888006679 0.425665990253684 0 0 0
31.0889861 -0.113712627185893 -0.0592248888006679 0.425665990253684 0 0 0
31.1169936 -0.113712627185893 -0.0592248888006679 0.425665990253684 0 0 0
31.1350073 -0.113712627185893 -0.0592248888006679 0.425665990253684 0 0 0
31.1549936 -0.113712627185893 -0.0592248888006679 0.425665990253684 0 0 0
31.1929874 -0.113712627185893 -0.0592248888006679 0.425665990253684 0 0 0
31.2079873 -0.113712627185893 -0.0592248888006679 0.425665990253684 0 0 0
31.2239869 -0.113712627185893 -0.0592248888006679 0.425665990253684 0 0 0
31.2519924 -0.113712627185893 -0.0592248888006679 0.425665990253684 0 0 0
31.271016 -0.113712627185893 -0.0592248888006679 0.425665990253684 0 0 0
31.2939858 -0.113712627185893 -0.0592248888006679 0.425665990253684 0 0 0
31.306986 -0.113712627185893 -0.0592248888006679 0.425665990253684 0 0 0
31.3229849 -0.113712627185893 -0.0592248888006679 0.425665990253684 0 0 0
31.3399982 -0.113712627185893 -0.0592248888006679 0.425665990253684 0 0 0
31.3549865 -0.113712627185893 -0.0592248888006679 0.425665990253684 0 0 0
31.3789958 -0.113712627185893 -0.0592248888006679 0.425665990253684 0 0 0
31.391989 -0.113712627185893 -0.0592248888006679 0.425665990253684 0 0 0
31.4109897 -0.113712627185893 -0.0592248888006679 0.425665990253684 0 0 0
31.4259896 -0.113712627185893 -0.0592248888006679 0.425665990253684 0 0 0
31.4429961 -0.113712627185893 -0.0592248888006679 0.425665990253684 0 0 0
31.4950733 -0.113712627185893 -0.0592248888006679 0.425665990253684 0 0 0
31.5140086 -0.113712627185893 -0.0592248888006679 0.425665990253684 0 0 0
