0.0156353 2734
0.0625208 2734
0.0941516 2734
0.1251558 2735
0.1562486 2735
0.188024 2735
0.2193968 2735
0.2656195 2735
0.2812447 2735
0.2968693 2735
0.3281465 2735
0.3604021 2735
0.3907171 2735
0.4224906 2735
0.4531236 2735
0.4843716 2735
0.5313011 2735
0.5476623 2735
0.5626817 2735
0.5790946 2735
0.5940506 2739
0.6250093 2739
0.6720354 2739
0.7035791 2739
0.7346797 2739
0.749995 2739
0.7820095 2739
0.8129275 2739
0.8593702 2739
0.8906221 2739
0.9219993 2739
0.9538602 2739
0.9854152 2739
1.0159117 2739
1.0312465 2739
1.0468682 2739
1.0939109 2736
1.1253061 2736
1.1567586 2736
1.1875433 2736
1.2656247 2736
1.2968673 2736
1.3127612 2736
1.3285541 2736
1.3593798 2736
1.3907209 2736
1.4222461 2736
1.4531299 2736
1.4843692 2736
1.5002032 2736
1.5158301 2736
1.547442 2736
1.5782628 2723
1.6096731 2723
1.6718714 2723
1.7032635 2723
1.7499967 2723
1.781496 2723
1.7971182 2723
1.8130341 2723
1.8281865 2723
1.8594284 2723
1.8906465 2723
1.9221927 2723
1.9535762 2723
1.9844855 2723
2.0001381 2723
2.0158281 2723
2.031246 2723
2.0781221 2731
2.1096272 2731
2.1406933 2731
2.1718981 2731
2.2032434 2731
2.2348247 2731
2.2823334 2731
2.2968682 2731
2.328168 2731
2.3594623 2731
2.390899 2731
2.4219883 2731
2.5010769 2731
2.5156478 2731
2.5625118 2731
2.593792 2732
2.6406294 2732
2.6562481 2732
2.6727073 2732
2.7041525 2732
2.7348227 2732
2.765753 2732
2.7814905 2732
2.7971756 2732
2.8127306 2732
2.8281642 2732
2.8906584 2732
2.9063315 2732
2.9379632 2732
2.9688343 2732
2.9843703 2732
3.0164095 2732
3.0781225 2732
3.109784 2734
3.1410295 2734
3.1719419 2734
3.2035778 2734
3.219025 2734
3.2346584 2734
3.251028 2734
3.281246 2734
3.3127154 2734
3.3447395 2734
3.3749963 2734
3.4066371 2734
3.4697868 2734
3.4843695 2734
3.5159148 2734
3.5476861 2734
3.5787602 2734
3.609649 2734
3.641087 2734
3.6883271 2734
3.7031204 2734
3.7189397 2734
3.7507534 2734
3.7813817 2734
3.8135389 2734
3.8441528 2734
3.8906339 2734
3.9062791 2734
3.9375348 2734
3.9692669 2734
3.9999945 2734
4.031304 2734
4.0781183 2734
4.093744 2734
4.1260436 2734
4.1564369 2734
4.1879716 2734
4.2189067 2734
4.2656208 2734
4.2812635 2734
4.3125011 2734
4.3439116 2734
4.375035 2734
4.4072903 2734
4.4219866 2734
4.5157182 2734
4.5312474 2734
4.5469875 2734
4.5937456 2736
4.6097228 2736
4.6562561 2736
4.6882286 2736
4.7187435 2736
4.7503256 2736
4.7662664 2736
4.7979072 2736
4.8127351 2736
4.8438634 2736
4.8906612 2736
4.9220071 2736
4.9536992 2736
4.9696383 2736
5.0005365 2736
5.0162019 2736
5.0781183 2742
5.109602 2742
5.1408421 2742
5.1723335 2742
5.1885222 2742
5.2187425 2742
5.2656253 2742
5.2817194 2742
5.3127476 2742
5.3441455 2742
5.3750156 2742
5.391659 2742
5.4694995 2742
5.4843747 2742
5.5156209 2742
5.5469939 2742
5.5787984 2742
5.6093693 2742
5.6410407 2742
5.7197162 2726
5.7501611 2726
5.766176 2726
5.8124947 2726
5.859369 2726
5.8908169 2726
5.9072718 2726
5.9378118 2726
5.9534894 2726
5.9692795 2726
6.0008245 2726
6.0312884 2726
6.0624964 2726
6.1093904 2727
6.1408473 2727
6.1572792 2727
6.1874942 2727
6.219016 2727
6.234821 2727
6.2656201 2727
6.2972525 2727
6.3127432 2727
6.3283795 2727
6.3599047 2727
6.3908146 2727
6.421962 2727
6.4531187 2727
6.4843714 2727
6.5156366 2727
6.5313338 2727
6.5635367 2727
6.5939292 2727
6.6251859 2727
6.7031176 2733
6.7348642 2733
6.7507148 2733
6.7812425 2733
6.8281188 2733
6.8443281 2733
6.8750137 2733
6.9062435 2733
6.9218676 2733
6.9535286 2733
6.9851551 2733
7.000257 2733
7.0160589 2733
7.0787697 2733
7.0937434 2733
7.1260179 2733
7.1564306 2733
7.1874998 2729
7.2041613 2729
7.2656265 2729
7.281535 2729
7.2975541 2729
7.3124948 2729
7.3438111 2729
7.3752535 2729
7.4063311 2729
7.4687629 2729
7.5002258 2729
7.5313207 2729
7.5627481 2729
7.5938874 2729
7.6251838 2729
7.6718698 2729
7.7032253 2731
7.7348412 2731
7.7663906 2731
7.7968841 2731
7.8749952 2731
7.906751 2731
7.9383668 2731
7.9690976 2731
7.9845842 2731
8.0156292 2731
8.0313017 2731
8.1094999 2731
8.1256947 2731
8.1406566 2731
8.1562453 2727
8.1879819 2727
8.2039016 2727
8.2190465 2727
8.2500548 2727
8.2812435 2727
8.312968 2727
8.3448893 2727
8.3755295 2727
8.406438 2727
8.4219968 2727
8.4687445 2727
8.5005529 2727
8.5313745 2727
8.5629612 2727
8.5943735 2727
8.6093986 2727
8.6562446 2725
8.6877569 2725
8.7041686 2725
8.7197825 2725
8.7656224 2725
8.7818349 2725
8.7976246 2725
8.812722 2725
8.8282625 2725
8.8750135 2725
8.8906219 2725
8.9221486 2725
8.9533368 2725
8.9692244 2725
8.9851817 2725
9.0000558 2725
9.0160585 2725
9.0781205 2725
9.1095087 2725
9.140701 2731
9.171869 2731
9.2038274 2731
9.2189611 2731
9.2343967 2731
9.2975835 2731
9.3124955 2731
9.3281833 2731
9.3595184 2731
9.3907753 2731
9.4068753 2731
9.437765 2731
9.4843815 2731
9.515622 2731
9.547913 2731
9.5785663 2731
9.6094079 2731
9.6412867 2731
9.7031189 2729
9.7192619 2729
9.7507695 2729
9.7822817 2729
9.8125677 2729
9.8282771 2729
9.859604 2729
9.9079338 2729
9.9377063 2729
9.9690617 2729
9.9853178 2729
10.0009561 2729
10.0156257 2729
10.0624957 2729
10.0942757 2729
10.1254312 2729
10.1562453 2732
10.188487 2732
10.2041594 2732
10.2190226 2732
10.2656212 2732
10.2968695 2732
10.3281251 2732
10.359582 2732
10.3911568 2732
10.4062924 2732
10.4531175 2732
10.4687932 2732
10.5007939 2732
10.5312468 2732
10.5630544 2732
10.5939328 2732
10.6249929 2732
10.6565964 2733
10.7344031 2733
10.7659047 2733
10.7813046 2733
10.7972142 2733
10.828129 2733
10.875021 2733
10.9065225 2733
10.9224071 2733
10.9383151 2733
10.9687597 2733
10.9854133 2733
11.0312473 2733
11.1093709 2733
11.1250847 2738
11.1568857 2738
11.188527 2738
11.2189397 2738
11.2656174 2738
11.2968737 2738
11.328597 2738
11.3594436 2738
11.3749963 2738
11.4071474 2738
11.4380033 2738
11.5468866 2738
11.5787056 2738
11.6093915 2738
11.6250732 2728
11.6572778 2728
11.718748 2728
11.7349249 2728
11.7665801 2728
11.7969578 2728
11.8281256 2728
11.8749969 2728
11.9063978 2728
11.938284 2728
11.9534839 2728
11.9843684 2728
12.0157713 2728
12.03149 2728
12.0781283 2728
12.124997 2728
12.1565401 2736
12.1729137 2736
12.1884349 2736
12.2032738 2736
12.2190292 2736
12.249995 2736
12.2812434 2736
12.3126855 2736
12.3286576 2736
12.3604117 2736
12.3906248 2736
12.4219265 2736
12.4687511 2736
12.5000331 2736
12.546868 2736
12.5625062 2736
12.594179 2736
12.6252651 2736
12.6569813 2730
12.6874946 2730
12.7087618 2730
12.7350179 2730
12.7660293 2730
12.7979265 2730
12.8281894 2730
12.8593746 2730
12.8906191 2730
12.921926 2730
12.9377631 2730
12.9688208 2730
13.001043 2730
13.0314502 2730
13.0624937 2730
13.0788273 2730
13.1094346 2730
13.1407842 2728
13.1725753 2728
13.1880096 2728
13.2034752 2728
13.2343748 2728
13.250023 2728
13.2812864 2728
13.31298 2728
13.3447986 2728
13.374996 2728
13.4070516 2728
13.4224934 2728
13.4384857 2728
13.4687474 2728
13.5004012 2728
13.5312852 2728
13.5627832 2728
13.5940038 2728
13.640623 2731
13.6718675 2731
13.7034032 2731
13.7346679 2731
13.7666602 2731
13.796873 2731
13.8593832 2731
13.8760368 2731
13.9065334 2731
13.9375254 2731
13.9697261 2731
14.0008009 2731
14.0315003 2731
14.0628213 2731
14.0940716 2731
14.1250969 2734
14.1568762 2734
14.1725352 2734
14.2032916 2734
14.2188311 2734
14.3129129 2734
14.3437457 2734
14.3758707 2734
14.4072412 2734
14.4220032 2734
14.437795 2734
14.4687493 2734
14.5000193 2734
14.5468801 2734
14.5782185 2734
14.6097127 2725
14.6718747 2725
14.68816 2725
14.7197228 2725
14.7499915 2725
14.7812434 2725
14.8126478 2725
14.844516 2725
14.9063658 2725
14.9222263 2725
14.9534728 2725
14.9852386 2725
15.0312469 2725
15.0468691 2725
15.0787044 2725
15.1102552 2725
15.1564398 2732
15.1879821 2732
15.2031264 2732
15.2344624 2732
15.2812432 2732
15.3127918 2732
15.3594075 2732
15.3907638 2732
15.4073089 2732
15.4219612 2732
15.4531206 2732
15.4687456 2732
15.4999946 2732
15.5313243 2732
15.5472764 2732
15.5787556 2732
15.6094175 2732
15.6249934 2729
15.7031212 2729
15.7187587 2729
15.765622 2729
15.7970622 2729
15.8125948 2729
15.85937 2729
15.8749948 2729
15.9062516 2729
15.9376207 2729
15.9687528 2729
15.9849929 2729
16.0002247 2729
16.0156364 2729
16.0629366 2729
16.0938741 2729
16.1254616 2726
16.1718868 2726
16.1874944 2726
16.2040348 2726
16.2660487 2726
16.2976117 2726
16.3291849 2726
16.3750035 2726
16.3909506 2726
16.4220089 2726
16.4690772 2726
16.4999939 2726
16.5314088 2726
16.56272 2726
16.5937465 2726
16.6250325 2728
16.6875924 2728
16.7031222 2728
16.7187481 2728
16.7350274 2728
16.7662974 2728
16.7968966 2728
16.8131263 2728
16.8440048 2728
16.8749942 2728
16.906564 2728
16.9225388 2728
16.9380575 2728
16.9539534 2728
16.9999989 2728
17.0159019 2728
17.0781249 2728
17.1098855 2735
17.1409146 2735
17.1569569 2735
17.1875083 2735
17.2041518 2735
17.2499953 2735
17.2656283 2735
17.2968788 2735
17.32826 2735
17.3600305 2735
17.3756264 2735
17.4072764 2735
17.4693273 2735
17.4843812 2735
17.5166652 2735
17.5626802 2735
17.5937444 2735
17.6254446 2735
17.6718794 2735
17.6875052 2735
17.7343691 2735
17.7657654 2735
17.7973819 2735
17.8283406 2735
17.8593697 2735
17.874996 2735
17.9067457 2735
17.9227792 2735
17.9383994 2735
17.9535415 2735
18.0156213 2735
18.0940419 2726
18.1257151 2726
18.1572239 2726
18.1875442 2726
18.2503005 2726
18.2657552 2726
18.2970095 2726
18.3281186 2726
18.3604098 2726
18.390983 2726
18.4229667 2726
18.5316681 2726
18.5468696 2726
18.5625225 2726
18.6093869 2727
18.7187462 2727
18.7347011 2727
18.7657537 2727
18.7974395 2727
18.8281715 2727
18.8906173 2727
18.9062707 2727
18.9385394 2727
18.9687609 2727
19.0156732 2727
19.0474071 2727
19.0781189 2727
19.1249969 2732
19.1408057 2732
19.1719191 2732
19.1875847 2732
19.2038005 2732
19.2500014 2732
19.2812747 2732
19.3129059 2732
19.3447907 2732
19.3752377 2732
19.3911789 2732
19.4687608 2732
19.4999973 2732
19.5317265 2732
19.5625982 2732
19.5939296 2732
19.625061 2732
19.6718697 2732
19.7036819 2729
19.7351215 2729
19.7666665 2729
19.7971264 2729
19.8437663 2729
19.8593842 2729
19.8751127 2729
19.8908617 2729
19.9221553 2729
19.9382028 2729
19.9697887 2729
19.9999945 2729
20.031633 2729
20.0478699 2729
20.0937443 2736
20.1250157 2736
20.1571486 2736
20.1885414 2736
20.2344042 2736
20.2499956 2736
20.2818995 2736
20.312583 2736
20.344263 2736
20.3601588 2736
20.3751661 2736
20.3913246 2736
20.40718 2736
20.4687708 2736
20.4843691 2736
20.5157411 2736
20.547029 2736
20.5781183 2736
20.6097447 2736
20.6406187 2736
20.672033 2736
20.6880539 2736
20.7187463 2730
20.750189 2730
20.7818227 2730
20.797726 2730
20.8281648 2730
20.8593693 2730
20.8906441 2730
20.9229144 2730
20.9536429 2730
20.9844543 2730
21.0160063 2730
21.0624934 2730
21.0940752 2724
21.1255299 2724
21.1409463 2724
21.187524 2724
21.2034087 2724
21.2500699 2724
21.2656468 2724
21.297225 2724
21.3281186 2724
21.3604055 2724
21.3760366 2724
21.3909304 2724
21.4064262 2724
21.421886 2724
21.4533941 2724
21.4843711 2724
21.5156385 2724
21.5473993 2724
21.5784979 2725
21.6095801 2725
21.6562484 2725
21.6874948 2725
21.7187451 2725
21.7346531 2725
21.7657404 2725
21.7976258 2725
21.8281756 2725
21.8749995 2725
21.9221134 2725
21.9687532 2725
22.0000626 2725
22.0159269 2725
22.0781216 2731
22.0937455 2731
22.1095518 2731
22.1253167 2731
22.1413842 2731
22.1564719 2731
22.1727512 2731
22.1880026 2731
22.2035494 2731
22.2343745 2731
22.2812483 2731
22.3125737 2731
22.3443126 2731
22.359987 2731
22.3757387 2731
22.39062 2731
22.4688351 2731
22.4843693 2731
22.5157218 2731
22.5472748 2731
22.5781381 2731
22.6093681 2731
22.640621 2731
22.7031227 2726
22.7191611 2726
22.7502677 2726
22.7664347 2726
22.7968928 2726
22.8437481 2726
22.8749981 2726
22.9062873 2726
22.9221836 2726
22.9375411 2726
22.9540376 2726
22.9854228 2726
23.0312489 2726
23.0468723 2726
23.1249962 2729
23.1570912 2729
23.187587 2729
23.2190456 2729
23.2656282 2729
23.2968688 2729
23.3281313 2729
23.3604128 2729
23.375661 2729
23.3906249 2729
23.4218964 2729
23.4843732 2729
23.5156231 2729
23.5782463 2731
23.5944795 2731
23.609773 2731
23.6250307 2731
23.6406181 2731
23.6562481 2731
23.7344926 2731
23.7503124 2731
23.7817399 2731
23.8130987 2731
23.9062437 2731
23.922442 2731
23.9534928 2731
23.984396 2731
24.0003463 2731
24.031273 2731
24.0937437 2731
24.1255455 2731
24.1414359 2731
24.1720932 2741
24.2033805 2741
24.2500336 2741
24.2968725 2741
24.3282075 2741
24.3598737 2741
24.3759868 2741
24.3910949 2741
24.4062789 2741
24.4687549 2741
24.5001034 2741
24.5315269 2741
24.563025 2741
24.5789157 2741
24.5937427 2741
24.6406258 2741
24.6719124 2732
24.7033522 2732
24.7218945 2732
24.7501452 2732
24.7816354 2732
24.8135394 2732
24.8753089 2732
24.9062449 2732
24.9385371 2732
24.969038 2732
25.0003325 2732
25.0313252 2732
25.0625188 2732
25.1093798 2732
25.1260423 2732
25.1718703 2730
25.2033557 2730
25.2500033 2730
25.2819109 2730
25.312894 2730
25.3438055 2730
25.3594932 2730
25.3754719 2730
25.3909633 2730
25.4072874 2730
25.437493 2730
25.4534336 2730
25.4843851 2730
25.5156576 2730
25.5469735 2730
25.5787645 2730
25.6095808 2730
25.6250655 2730
25.656244 2726
25.6876113 2726
25.7189927 2726
25.7500402 2726
25.7658662 2726
25.797742 2726
25.8749948 2726
25.9218817 2726
25.9532735 2726
25.9848069 2726
26.016126 2726
26.0468692 2726
26.1100478 2726
26.1407344 2726
26.1718694 2728
26.2040719 2728
26.2193039 2728
26.2351136 2728
26.2812439 2728
26.2972218 2728
26.3281182 2728
26.3596544 2728
26.3915044 2728
26.4218677 2728
26.4376573 2728
26.5000043 2728
26.5163819 2728
26.5469397 2728
26.578281 2728
26.594027 2728
26.6250836 2728
26.6874934 2739
26.7501336 2739
26.7813322 2739
26.813228 2739
26.8282049 2739
26.859369 2739
26.8906438 2739
26.9227156 2739
26.9540885 2739
26.9844047 2739
27.0158314 2739
27.0781195 2739
27.0937446 2739
27.1096524 2739
27.1255492 2739
27.1569036 2728
27.1875146 2728
27.2189333 2728
27.249996 2728
27.2816871 2728
27.3124957 2728
27.3437478 2728
27.3755294 2728
27.3910183 2728
27.4065613 2728
27.4374972 2728
27.4531374 2728
27.4845671 2728
27.5156851 2728
27.5471958 2728
27.5790112 2728
27.5939935 2728
27.6093683 2728
27.65626 2728
27.6883057 2728
27.7041537 2728
27.7656245 2728
27.7818367 2728
27.8134982 2728
27.8438297 2728
27.8595143 2728
27.9062592 2728
27.9383103 2728
27.9694864 2728
27.9851163 2728
28.0312436 2728
28.0624978 2728
28.0938538 2728
28.1102303 2728
28.125362 2728
28.1719071 2731
28.2037158 2731
28.2499948 2731
28.2812959 2731
28.3127449 2731
28.3283294 2731
28.3593765 2731
28.3760923 2731
28.4063846 2731
28.4382147 2731
28.468842 2731
28.500053 2731
28.5318429 2731
28.5624964 2731
28.5945472 2731
28.6251003 2731
28.6409539 2731
28.671886 2733
28.7031437 2733
28.7353498 2733
28.7662203 2733
28.7970003 2733
28.8125454 2733
28.8906397 2733
28.906461 2733
28.9377646 2733
28.9694951 2733
28.9999945 2733
29.0318246 2733
29.0781189 2733
29.1097212 2733
29.1257213 2737
29.1718712 2737
29.1880844 2737
29.219164 2737
29.2499941 2737
29.2812432 2737
29.2970595 2737
29.3131554 2737
29.3283339 2737
29.3446272 2737
29.3753707 2737
29.4066441 2737
29.4531436 2737
29.468785 2737
29.5001078 2737
29.5318414 2737
29.6094457 2737
29.6406675 2737
29.6719014 2731
29.7031934 2731
29.7352519 2731
29.7812453 2731
29.7970734 2731
29.8125294 2731
29.8440583 2731
29.938428 2731
29.9536228 2731
29.9698547 2731
30.0003167 2731
30.0312536 2731
30.0781232 2731
30.1095797 2731
30.1410405 2724
30.1875704 2724
30.2188482 2724
30.2507147 2724
30.2812454 2724
30.3124938 2724
30.3444723 2724
30.3906217 2724
30.4072887 2724
30.4376019 2724
30.4843701 2724
30.5005239 2724
30.5314038 2724
30.5629966 2724
30.6250224 2724
30.671877 2731
30.7037054 2731
30.7344878 2731
30.7656704 2731
30.7968701 2731
30.8126924 2731
30.8282996 2731
30.8594074 2731
30.8909737 2731
30.922083 2731
30.9533648 2731
30.9845801 2731
31.0160955 2731
31.0312464 2731
31.0781214 2731
31.0943497 2731
31.1255446 2731
31.1564444 2732
31.1876179 2732
31.2188518 2732
31.2500611 2732
31.2822888 2732
31.3129068 2732
31.3447189 2732
31.3758303 2732
31.4063424 2732
31.4381384 2732
31.4687457 2732
31.5000583 2732
31.5316256 2732
31.562494 2732
31.5939989 2732
31.6406229 2731
31.6875102 2731
31.7031187 2731
31.7344928 2731
31.7662945 2731
31.812596 2731
31.874997 2731
31.8912999 2731
31.9223785 2731
31.9375249 2731
31.9692581 2731
32.0010282 2731
32.0624951 2731
32.0786643 2731
32.1093692 2731
32.140824 2731
32.1722316 2731
32.2037717 2731
32.2499964 2731
32.2656194 2731
32.2812424 2731
32.2979109 2731
32.3283556 2731
32.3438745 2731
32.3753647 2731
32.3906202 2731
32.4688826 2731
32.5010276 2731
32.5312954 2731
32.5628118 2731
32.5942759 2731
32.6877657 2723
32.7187658 2723
32.7505552 2723
32.7820631 2723
32.8132912 2723
32.843827 2723
32.8749982 2723
32.9062747 2723
32.9221929 2723
32.9376535 2723
32.953587 2723
32.9853992 2723
33.0468983 2723
33.0781203 2723
33.1097774 2733
33.1406195 2733
33.1719566 2733
33.2037179 2733
33.2499957 2733
33.2656172 2733
33.2812443 2733
33.3124937 2733
33.3282497 2733
33.344361 2733
33.3601252 2733
33.3756208 2733
33.3907641 2733
33.453121 2733
33.5001194 2733
33.516651 2733
33.5312555 2733
33.5471668 2733
33.5630617 2733
33.5833845 2733
33.6097225 2733
33.6408594 2733
33.7192273 2733
33.7344601 2733
33.7660724 2733
33.7819992 2733
33.8132902 2733
33.8593715 2733
33.874995 2733
33.9062788 2733
33.9382831 2733
33.968744 2733
34.0005554 2733
34.0157179 2733
34.0781694 2733
34.1093869 2733
34.1409315 2730
34.1725773 2730
34.2033058 2730
34.2500621 2730
34.281245 2730
34.3127263 2730
34.3281202 2730
34.3604385 2730
34.3907646 2730
34.4219262 2730
34.4687432 2730
34.5156578 2730
34.5318526 2730
34.5477443 2730
34.5632612 2730
34.5937525 2730
34.625056 2730
34.6879532 2730
34.734525 2730
34.7499939 2723
34.7821755 2723
34.813299 2723
34.8750032 2723
34.9064677 2723
34.9220396 2723
34.937521 2723
34.9693422 2723
35.0010423 2723
35.0158872 2723
35.031257 2723
35.0781248 2723
35.1093894 2738
35.1412474 2738
35.1718794 2738
35.2032535 2738
35.235381 2738
35.2968798 2738
35.3125076 2738
35.3447313 2738
35.3750667 2738
35.4065028 2738
35.4531188 2738
35.4999973 2738
35.516184 2738
35.5625158 2738
35.5941946 2738
35.6250932 2738
35.6874978 2738
35.7343705 2739
35.7666219 2739
35.7970548 2739
35.8283813 2739
35.8906334 2739
35.9071576 2739
35.9385937 2739
35.9688529 2739
35.984769 2739
36.015709 2739
36.0633953 2739
36.1099083 2731
36.1562617 2731
36.1876459 2731
36.2191303 2731
36.2969518 2731
36.3285156 2731
36.3603149 2731
36.3910954 2731
36.4218819 2731
36.46875 2731
36.5009348 2731
36.532015 2731
36.5626146 2731
36.5938379 2726
36.6250986 2726
36.6562525 2726
36.6875607 2726
36.7191421 2726
36.7354126 2726
36.7659734 2726
36.7978133 2726
36.8133599 2726
36.8283409 2726
36.8906255 2726
36.9062445 2726
36.9378824 2726
36.9688258 2726
36.98437 2726
37.04702 2726
37.062498 2726
37.0937469 2734
37.1252758 2734
37.1573004 2734
37.1877753 2734
37.2510386 2734
37.297067 2734
37.3281228 2734
37.3601065 2734
37.3916714 2734
37.4063596 2734
37.4219613 2734
37.4687442 2734
37.5000726 2734
37.5160048 2734
37.5318925 2734
37.5478079 2734
37.5632454 2734
37.5786996 2734
37.6250044 2729
37.6718783 2729
37.7031206 2729
37.7193388 2729
37.73457 2729
37.7661225 2729
37.7970359 2729
37.8282838 2729
37.8593732 2729
37.8749936 2729
37.906251 2729
37.9375972 2729
37.9694167 2729
37.9848387 2729
38.01572 2729
38.0312456 2729
38.0937439 2731
38.1251449 2731
38.1568821 2731
38.187843 2731
38.219144 2731
38.2656237 2731
38.2812422 2731
38.3281216 2731
38.3597641 2731
38.3910731 2731
38.4219448 2731
38.4843699 2731
38.5003007 2731
38.5320024 2731
38.5629818 2731
38.5781448 2731
38.593752 2731
38.6250527 2731
38.6562505 2731
38.6880564 2731
38.7190945 2732
38.7501627 2732
38.7665561 2732
38.7970296 2732
38.8131231 2732
38.8442362 2732
38.8749989 2732
38.9218782 2732
38.9537175 2732
38.9844674 2732
39.0010404 2732
39.0312624 2732
39.0781221 2731
39.1098262 2731
39.1407825 2731
39.1723824 2731
39.188475 2731
39.2506612 2731
39.2968717 2731
39.3437472 2731
39.3755703 2731
39.3908426 2731
39.4218966 2731
39.4540306 2731
39.4850336 2731
39.5157204 2731
39.5475635 2731
39.5791622 2731
39.6093715 2731
39.6406233 2731
39.6874966 2728
39.7031206 2728
39.718745 2728
39.7499944 2728
39.7656268 2728
39.7968701 2728
39.8281574 2728
39.8603682 2728
39.8906501 2728
39.9062448 2728
39.937858 2728
39.9534434 2728
39.9848552 2728
40.0156993 2728
40.1094614 2728
40.124994 2728
40.1572787 2728
40.1876136 2730
40.2507886 2730
40.2656425 2730
40.2814236 2730
40.2968901 2730
40.3283753 2730
40.3597179 2730
40.391034 2730
40.421975 2730
40.4531214 2730
40.4844209 2730
40.5159544 2730
40.5318904 2730
40.5632955 2730
40.5944181 2730
40.6250814 2730
40.6879405 2730
40.7031212 2726
40.7499962 2726
40.7663268 2726
40.7975345 2726
40.8283155 2726
40.8593698 2726
40.9062439 2726
40.9226639 2726
40.9534609 2726
40.9843698 2726
41.0157074 2726
41.0318758 2726
41.110081 2726
41.1249951 2726
41.156544 2726
41.1879533 2739
41.2191393 2739
41.2353926 2739
41.2656228 2739
41.2969188 2739
41.3126969 2739
41.3447877 2739
41.3751161 2739
41.4064223 2739
41.4374931 2739
41.4843696 2739
41.5002973 2739
41.5162004 2739
41.5320309 2739
41.562509 2739
41.594151 2739
41.6406223 2739
41.6562443 2739
41.6879584 2732
41.703233 2732
41.7345942 2732
41.7660848 2732
41.7974415 2732
41.8283856 2732
41.8593845 2732
41.8906192 2732
41.922091 2732
41.9687466 2732
41.9844337 2732
41.9999934 2732
42.0313831 2732
42.1094018 2732
42.1260627 2732
42.1564536 2732
42.1879598 2731
42.2343725 2731
42.2656294 2731
42.28129 2731
42.313472 2731
42.3447864 2731
42.3750734 2731
42.4062458 2731
42.4385465 2731
42.5161632 2731
42.5315769 2731
42.5781178 2731
42.5943773 2731
42.6720731 2731
42.6874966 2731
42.7031199 2731
42.7346678 2731
42.7812445 2731
42.7976565 2731
42.8135036 2731
42.8437481 2731
42.8907196 2731
42.9225189 2731
42.9532635 2731
42.9690271 2731
43.0003397 2731
43.0312778 2731
43.0471589 2731
43.0937487 2731
43.1097522 2731
43.140932 2731
43.1882757 2726
43.2191311 2726
43.234724 2726
43.2500999 2726
43.2968724 2726
43.312494 2726
43.3440102 2726
43.3756377 2726
43.4062504 2726
43.4375811 2726
43.5160984 2726
43.5313217 2726
43.5469919 2726
43.5788783 2726
43.6097742 2726
43.6562439 2731
43.6875379 2731
43.7041668 2731
43.7194597 2731
43.7503587 2731
43.766301 2731
43.7972607 2731
43.8284019 2731
43.8749974 2731
43.8906187 2731
43.9227077 2731
43.9374933 2731
43.9693886 2731
44.0002936 2731
44.0157019 2731
44.0469249 2731
44.0781199 2731
44.1096034 2731
44.140834 2731
44.1721293 2735
44.2039139 2735
44.234772 2735
44.2812464 2735
44.2968692 2735
44.3284554 2735
44.3593914 2735
44.3909435 2735
44.4219596 2735
44.4382244 2735
44.4843701 2735
44.4999952 2735
44.5156244 2735
44.5472135 2735
44.5781894 2735
44.6096195 2735
44.6718703 2731
44.6874941 2731
44.7187667 2731
44.7347556 2731
44.7507023 2731
44.7660471 2731
44.7819884 2731
44.7977661 2731
44.8283488 2731
44.8749952 2731
44.9072895 2731
44.9378207 2731
44.9532515 2731
44.9847131 2731
45.0156969 2731
45.0624966 2731
45.0937537 2731
45.125257 2731
45.156792 2725
45.1880369 2725
45.2191596 2725
45.2499959 2725
45.2814037 2725
45.2978163 2725
45.3286966 2725
45.3440794 2725
45.3760347 2725
45.3906915 2725
45.4374954 2725
45.4687503 2725
45.484463 2725
45.5005214 2725
45.5156243 2725
45.546906 2725
45.578563 2725
45.6095929 2725
45.6408129 2728
45.671869 2728
45.7031196 2728
45.7348821 2728
45.7656828 2728
45.7969503 2728
45.8283971 2728
45.8907442 2728
45.9062456 2728
45.9225268 2728
45.9380334 2728
45.9531665 2728
45.9844772 2728
46.0312459 2728
46.0624942 2728
46.0938732 2728
46.125107 2728
46.1416076 2728
46.1720555 2728
46.1876695 2728
46.2033208 2728
46.219143 2728
46.2499967 2728
46.2812435 2728
46.3130964 2728
46.3442162 2728
46.375232 2728
46.4066077 2728
46.4531215 2728
46.4843693 2728
46.5005158 2728
46.5319452 2728
46.5625018 2728
46.5939302 2728
46.6406219 2728
46.6874966 2738
46.7031411 2738
46.7194359 2738
46.7503887 2738
46.7814764 2738
46.797392 2738
46.8593722 2738
46.9068556 2738
46.9382823 2738
46.9687439 2738
47.0003764 2738
47.0624941 2738
47.0937782 2738
47.1096966 2738
47.1562634 2733
47.1718887 2733
47.1878199 2733
47.2037138 2733
47.2187501 2733
47.2500166 2733
47.2968689 2733
47.3288211 2733
47.3601102 2733
47.3749945 2733
47.4065854 2733
47.4224497 2733
47.4844826 2733
47.4999948 2733
47.5313412 2733
47.5625627 2733
47.5938128 2733
47.6250706 2731
47.6718789 2731
47.7034416 2731
47.7346834 2731
47.76562 2731
47.79747 2731
47.8284669 2731
47.8593778 2731
47.8910683 2731
47.906245 2731
47.937494 2731
47.953713 2731
47.9844509 2731
48.0003823 2731
48.0157083 2731
48.0313908 2731
48.0781188 2731
48.1099381 2731
48.1562428 2727
48.1723496 2727
48.2035975 2727
48.250018 2727
48.281246 2727
48.3131715 2727
48.3438791 2727
48.3753766 2727
48.4063178 2727
48.4219404 2727
48.4843876 2727
48.5161597 2727
48.5479007 2727
48.5781292 2727
48.6093695 2727
48.6562555 2731
48.7187429 2731
48.7499952 2731
48.7812452 2731
48.8281297 2731
48.8906217 2731
48.9062436 2731
48.9218681 2731
49.01569 2731
49.031245 2731
49.1881535 2726
49.2191054 2726
49.2970667 2726
49.3282763 2726
49.3597164 2726
49.3910992 2726
49.4219784 2726
49.5024363 2726
49.6097004 2726
49.6406197 2728
49.7031183 2728
49.7343681 2728
49.7665627 2728
49.7972014 2728
49.8125748 2728
49.8437493 2728
49.8593705 2728
49.8906218 2728
49.9220615 2728
49.9375774 2728
49.9694547 2728
50.0004997 2728
50.0156571 2728
50.0475342 2728
50.0625011 2728
50.125017 2724
50.1410037 2724
50.1569542 2724
50.1722607 2724
50.1881179 2724
50.2032261 2724
50.2347477 2724
50.2812464 2724
50.2969204 2724
50.3285715 2724
50.3593797 2724
50.3915737 2724
50.4219651 2724
50.4375588 2724
50.4844891 2724
50.5312444 2724
50.5627435 2724
50.5939018 2724
50.6875691 2724
50.7031242 2724
50.7347489 2729
50.7656312 2729
50.7814956 2729
50.8126109 2729
50.8593711 2729
50.9064301 2729
50.9380461 2729
50.9696232 2729
50.9846305 2729
51.0156737 2729
51.0468761 2729
51.0783133 2729
51.1102251 2726
51.1407726 2726
51.1566198 2726
51.1725282 2726
51.2034389 2726
51.2344869 2726
51.281261 2726
51.3127229 2726
51.343744 2726
51.3755757 2726
51.3914378 2726
51.4065949 2726
51.4219563 2726
51.4531673 2726
51.4999982 2726
51.5156451 2726
51.5475047 2726
51.5782475 2726
51.6097187 2726
51.6406256 2725
51.671877 2725
51.6875348 2725
51.7192335 2725
51.7354119 2725
51.7510324 2725
51.7812599 2725
51.8127972 2725
51.8281181 2725
51.8749977 2725
51.9218717 2725
51.953857 2725
51.9846099 2725
52.0002348 2725
52.0318878 2725
52.0625085 2725
52.0945331 2725
52.1251987 2725
52.1572382 2725
52.188132 2725
52.2656184 2730
52.2979074 2730
52.328502 2730
52.3437455 2730
52.3757971 2730
52.3916602 2730
52.4066087 2730
52.4375062 2730
52.4533457 2730
52.4843699 2730
52.5159022 2730
52.5471361 2730
52.5781435 2730
52.5937878 2723
52.625169 2723
52.6875026 2723
52.7499955 2723
52.7819444 2723
52.8129459 2723
52.8447848 2723
52.8750224 2723
52.8906211 2723
52.9388452 2723
52.9688372 2723
52.9845994 2723
53.0003806 2723
53.0156548 2723
53.1093699 2723
53.1406304 2723
53.1564144 2723
53.1723455 2723
53.2034449 2725
53.234419 2725
53.2656303 2725
53.281249 2725
53.3135551 2725
53.3438615 2725
53.3757066 2725
53.3916339 2725
53.4071852 2725
53.4999941 2725
53.515982 2725
53.5469778 2725
53.5626462 2725
53.5945264 2725
53.6563037 2725
53.6876368 2725
53.749996 2727
53.7656517 2727
53.7972973 2727
53.843748 2727
