0.0150718 3625
0.0463968 3625
0.0624381 3625
0.0933828 3625
0.1244989 3625
0.1410897 3625
0.1869441 3625
0.218571 3625
0.2498003 3625
0.2808456 3625
0.3433614 3625
0.3744488 3625
0.4058116 3625
0.4369897 3625
0.4683068 3629
0.5004943 3629
0.5156242 3629
0.5775715 3629
0.5933969 3629
0.6246124 3629
0.6558752 3629
0.6714867 3629
0.6878263 3629
0.7183633 3629
0.781534 3629
0.8119416 3629
0.8279106 3629
0.859021 3629
0.8746505 3629
0.9060818 3629
0.9525699 3629
0.9838232 3627
1.0159125 3627
1.0473659 3627
1.0779573 3627
1.1088193 3627
1.1404955 3627
1.1869448 3627
1.2181921 3627
1.2498811 3627
1.265705 3627
1.2810116 3627
1.2965279 3627
1.3122081 3627
1.3432003 3627
1.4058379 3627
1.4374673 3627
1.4685491 3625
1.4995749 3625
1.5307453 3625
1.5463197 3625
1.5783232 3625
1.6098561 3625
1.6406267 3625
1.6714171 3625
1.7036181 3625
1.7340295 3625
1.7650674 3625
1.8119426 3625
1.8278011 3625
1.8591459 3625
1.8751498 3625
1.9060427 3625
1.9684125 3625
1.9994432 3624
2.0158337 3624
2.0463357 3624
2.0620083 3624
2.0934215 3624
2.124581 3624
2.1558906 3624
2.2181943 3624
2.2497488 3624
2.265774 3624
2.2816787 3624
2.2972241 3624
2.3275693 3624
2.3588261 3624
2.3902002 3624
2.4213722 3624
2.4526752 3624
2.4687453 3627
2.4995494 3627
2.5306914 3627
2.5464465 3627
2.5785003 3627
2.6088315 3627
2.6248714 3627
2.6558385 3627
2.6880432 3627
2.7182916 3627
2.7348618 3627
2.7650714 3627
2.8119435 3627
2.8276691 3627
2.8589202 3627
2.8744483 3627
2.9681927 3632
2.9998742 3632
3.0310539 3632
3.0465533 3632
3.0779267 3632
3.1088781 3632
3.1556915 3632
3.1874058 3632
3.2184055 3632
3.2339507 3632
3.2657814 3632
3.2815092 3632
3.2967833 3632
3.3121423 3632
3.3588179 3632
3.3744748 3632
3.3910906 3632
3.421363 3632
3.4682099 3625
3.4846445 3625
3.5004893 3625
3.5306943 3625
3.5625109 3625
3.5932263 3625
3.6248135 3625
3.6558869 3625
3.6876835 3625
3.7025668 3625
3.7182115 3625
3.7650685 3625
3.8123872 3625
3.8275694 3625
3.8592056 3625
3.8906368 3625
3.906042 3625
3.9214368 3625
3.9838159 3619
4.0306959 3619
4.0464429 3619
4.0775685 3619
4.1400806 3619
4.1714027 3619
4.1871349 3619
4.2030315 3619
4.2181914 3619
4.2498175 3619
4.2659538 3619
4.281019 3619
4.2964066 3619
4.3280326 3619
4.3588195 3619
4.4056957 3619
4.4374823 3619
4.4683759 3626
4.4840402 3626
4.4997605 3626
4.5153469 3626
4.5619425 3626
4.5932006 3626
4.608819 3626
4.640491 3626
4.6718281 3626
4.687453 3626
4.7031142 3626
4.7650726 3626
4.7806934 3626
4.8123855 3626
4.8436351 3626
4.8749786 3626
4.9058011 3626
4.9525657 3627
4.9842236 3627
5.0001606 3627
5.0463164 3627
5.0780077 3627
5.1088625 3627
5.1556936 3627
5.171365 3627
5.1872732 3627
5.2190293 3627
5.2494472 3627
5.2813198 3627
5.3275674 3627
5.3588637 3627
5.3903541 3627
5.4220142 3627
5.452571 3625
5.4683235 3625
5.5002035 3625
5.5463196 3625
5.5775684 3625
5.6089126 3625
5.6556927 3625
5.6870592 3625
5.7181993 3625
5.7494421 3625
5.766102 3625
5.7965572 3625
5.8277277 3625
5.8594677 3625
5.8901055 3625
5.9214859 3625
5.9840096 3625
5.9994442 3625
6.0309218 3625
6.063482 3625
6.0778727 3625
6.0934454 3625
6.1249903 3625
6.1409349 3625
6.1721367 3625
6.2029123 3625
6.2188075 3625
6.2347422 3625
6.2653644 3625
6.2967966 3625
6.3283043 3625
6.3744733 3625
6.4062611 3625
6.468191 3627
6.48383 3627
6.5154833 3627
6.5463194 3627
6.5775689 3627
6.6088823 3627
6.6251463 3627
6.6561359 3627
6.6872043 3627
6.7028208 3627
6.718223 3627
6.7650714 3627
6.7967585 3627
6.8285094 3627
6.8588509 3627
6.8905774 3627
6.9525786 3626
6.9683227 3626
6.9838174 3626
6.9995867 3626
7.0316176 3626
7.0624982 3626
7.0931904 3626
7.1400667 3626
7.1718099 3626
7.2029445 3626
7.2184479 3626
7.2343621 3626
7.280696 3626
7.2965515 3626
7.3120932 3626
7.3588227 3626
7.3902718 3626
7.4214112 3626
7.4528574 3622
7.4842088 3622
7.5004017 3622
7.5153308 3622
7.6404165 3622
7.6869486 3622
7.7036103 3622
7.7494434 3622
7.7814795 3622
7.8122267 3622
7.8441799 3622
7.8746038 3622
7.9060401 3622
7.9841192 3628
8.0307002 3628
8.0473511 3628
8.0932051 3628
8.1245423 3628
8.1556928 3628
8.1871627 3628
8.2189675 3628
8.2497999 3628
8.2963182 3628
8.3120885 3628
8.3431965 3628
8.3744452 3628
8.406024 3627
8.4375036 3627
8.4533847 3627
8.483841 3627
8.4994467 3627
8.5154177 3627
8.5779983 3627
8.5932947 3627
8.6088184 3627
8.6246586 3627
8.6556927 3627
8.6719903 3627
8.6881417 3627
8.7184308 3627
8.7650713 3627
8.7970097 3627
8.8125502 3627
8.8433089 3627
8.874603 3627
8.9060322 3623
8.9369422 3623
8.9838191 3623
8.9994414 3623
9.0317363 3623
9.0621177 3623
9.0935592 3623
9.1244479 3623
9.1556998 3623
9.1874317 3623
9.2035985 3623
9.2189833 3623
9.2338266 3623
9.2497606 3623
9.2657031 3623
9.2807965 3623
9.3119461 3623
9.3588455 3623
9.3744437 3623
9.4059768 3623
9.4215837 3623
9.4369433 3623
9.453097 3623
9.4686612 3623
9.4994988 3623
9.5619428 3623
9.5775685 3623
9.6089537 3623
9.6401374 3623
9.6560711 3623
9.6879094 3623
9.7338423 3623
9.7650866 3623
9.7969249 3623
9.8276598 3623
9.8590389 3623
9.8910977 3623
9.9525677 3630
9.9838176 3630
10.0151167 3630
10.046571 3630
10.0623762 3630
10.0779963 3630
10.0941795 3630
10.1556948 3630
10.1878299 3630
10.2031049 3630
10.2192216 3630
10.2338389 3630
10.2651634 3630
10.296768 3630
10.3588187 3630
10.374441 3630
10.4056915 3630
10.4369455 3622
10.4529999 3622
10.4683592 3622
10.4848646 3622
10.5619487 3622
10.5775927 3622
10.6090431 3622
10.6401572 3622
10.6557844 3622
10.6714105 3622
10.7033903 3622
10.7650874 3622
10.7963191 3622
10.8284747 3622
10.8589484 3622
10.8745111 3622
10.9060418 3622
10.952568 3622
10.9838208 3622
11.0156342 3625
11.0473659 3625
11.0775675 3625
11.1090399 3625
11.155693 3625
11.1870292 3625
11.2025679 3625
11.2345441 3625
11.2501294 3625
11.2653176 3625
11.281159 3625
11.2973608 3625
11.3275812 3625
11.3588175 3625
11.3911119 3625
11.4215167 3625
11.4529109 3625
11.4838181 3625
11.5463192 3626
11.5777532 3626
11.6088162 3626
11.6402485 3626
11.6716615 3626
11.7036018 3626
11.7806905 3626
11.7970088 3626
11.8276712 3626
11.8434334 3626
11.8744431 3626
11.9058021 3626
11.9369461 3626
11.968244 3626
11.9841252 3626
12.0001679 3626
12.0150675 3624
12.0316572 3624
12.0626684 3624
12.093692 3624
12.1244613 3624
12.1869586 3624
12.2188174 3624
12.2497978 3624
12.2807238 3624
12.3121973 3624
12.3744474 3624
12.3904771 3624
12.4218299 3624
12.4534016 3624
12.484648 3624
12.5151295 3624
12.5932093 3626
12.6088704 3626
12.6246977 3626
12.6566371 3626
12.687514 3626
12.7027095 3626
12.7338173 3626
12.7658058 3626
12.7810249 3626
12.8122156 3626
12.8434497 3626
12.8745868 3626
12.9062324 3626
12.9213437 3626
12.9681949 3626
13.0150712 3626
13.0464801 3626
13.0776094 3626
13.1092646 3626
13.1556907 3626
13.1869435 3626
13.2026085 3626
13.2343901 3626
13.2503698 3626
13.2817272 3626
13.3122278 3626
13.3431958 3626
13.3906058 3626
13.4216907 3626
13.4526639 3626
13.4684882 3626
13.499493 3620
13.5313011 3620
13.5619442 3620
13.5933811 3620
13.6244436 3620
13.656662 3620
13.6719904 3620
13.7028039 3620
13.7375526 3620
13.7806943 3620
13.7966504 3620
13.8282334 3620
13.8598611 3620
13.8900666 3620
13.921354 3620
13.9370687 3620
13.9681914 3620
14.015068 3628
14.046665 3628
14.0786623 3628
14.1090724 3628
14.1405819 3628
14.1869449 3628
14.2183506 3628
14.2497074 3628
14.2816772 3628
14.3119549 3628
14.3588219 3628
14.3753579 3628
14.4067446 3628
14.4217063 3628
14.4369418 3628
14.4683212 3628
14.4839199 3632
14.5154283 3632
14.5465897 3632
14.5931938 3632
14.6090735 3632
14.6402849 3632
14.655928 3632
14.6716306 3632
14.6869446 3632
14.7032431 3632
14.7650667 3632
14.7806979 3632
14.812298 3632
14.8438072 3632
14.8744438 3632
14.90602 3632
14.9220993 3632
14.9681922 3632
15.0150688 3628
15.0471183 3628
15.0776909 3628
15.1088707 3628
15.1401505 3628
15.1713181 3628
15.2025996 3628
15.2342495 3628
15.2659131 3628
15.2970341 3628
15.3279006 3628
15.3744437 3628
15.405692 3628
15.4215389 3628
15.452571 3628
15.4685618 3628
15.4844609 3628
15.5000276 3632
15.5308784 3632
15.5619422 3632
15.593666 3632
15.6254833 3632
15.6560673 3632
15.671978 3632
15.6878312 3632
15.7030326 3632
15.7650673 3632
15.7966288 3632
15.8276418 3632
15.8588183 3632
15.8909134 3632
15.9213659 3632
15.9681939 3632
15.9838167 3632
16.0307165 3618
16.062865 3618
16.0937664 3618
16.1244426 3618
16.1713189 3618
16.1877655 3618
16.2027578 3618
16.2343469 3618
16.2653413 3618
16.281299 3618
16.3431949 3618
16.3588614 3618
16.3748008 3618
16.3906803 3618
16.4057479 3618
16.4369421 3618
16.4685201 3624
16.5001845 3624
16.5308855 3624
16.5619438 3624
16.5932927 3624
16.6090862 3624
16.6407392 3624
16.6716779 3624
16.6871524 3624
16.7182709 3624
16.7494421 3624
16.7814948 3624
16.8126232 3624
16.843331 3624
16.8590885 3624
16.8904547 3624
16.9060418 3624
16.9214966 3624
16.9379058 3624
16.9525703 3624
16.9998371 3624
17.0306966 3619
17.0622881 3619
17.0934877 3619
17.1090725 3619
17.1400659 3619
17.171332 3619
17.202583 3619
17.2189414 3619
17.2495432 3619
17.2807963 3619
17.3122228 3619
17.3900724 3619
17.4057753 3619
17.4217744 3619
17.4526795 3619
17.4839674 3623
17.5151013 3623
17.5317277 3623
17.5465171 3623
17.5775713 3623
17.6092042 3623
17.6410464 3623
17.6715885 3623
17.7029978 3623
17.7182689 3623
17.7348415 3623
17.7806986 3623
17.8127107 3623
17.8431977 3623
17.8592936 3623
17.8911162 3623
17.9525823 3623
17.9838478 3628
18.0152262 3628
18.0463972 3628
18.0781368 3628
18.094251 3628
18.1249256 3628
18.1404901 3628
18.171317 3628
18.2028973 3628
18.2183737 3628
18.2494899 3628
18.2817543 3628
18.3121966 3628
18.3588181 3628
18.3906633 3628
18.4058301 3628
18.4681942 3628
18.4845749 3619
18.5463243 3619
18.5622757 3619
18.5938824 3619
18.6254902 3619
18.655718 3619
18.6715727 3619
18.6876173 3619
18.827566 3619
18.8588178 3619
18.8747513 3619
18.9056923 3619
18.9840108 3627
19.0317096 3627
19.061946 3627
19.0932802 3627
19.1247839 3627
19.1713151 3627
19.1869409 3627
19.2183657 3627
19.2496007 3627
19.2809239 3627
19.3121306 3627
19.3588174 3627
19.3754301 3627
19.4058295 3627
19.4369422 3627
19.4684917 3623
19.5004865 3623
19.5307527 3623
19.5466139 3623
19.5619415 3623
19.5935289 3623
19.6089351 3623
19.6404165 3623
19.6563357 3623
19.6871464 3623
19.7182338 3623
19.749518 3623
19.7816141 3623
19.81236 3623
19.8433477 3623
19.8747725 3623
19.9057884 3623
19.9369449 3623
19.9838192 3630
20.0152401 3630
20.0467922 3630
20.0780146 3630
20.0941404 3630
20.1400697 3630
20.1556921 3630
20.188001 3630
20.2185228 3630
20.2494525 3630
20.2812989 3630
20.3120902 3630
20.3277538 3630
20.3754774 3630
20.4057049 3630
20.4369416 3630
20.4839093 3626
20.4994448 3626
20.5309768 3626
20.561941 3626
20.5931928 3626
20.6245279 3626
20.6407268 3626
20.6561305 3626
20.6715534 3626
20.7028401 3626
20.7343032 3626
20.765077 3626
20.7963548 3626
20.8278439 3626
20.8589215 3626
20.8900734 3626
20.905831 3626
20.9525678 3626
20.983816 3624
21.0152074 3624
21.0465123 3624
21.0785802 3624
21.109236 3624
21.187122 3624
21.2025673 3624
21.2192239 3624
21.2495771 3624
21.2651178 3624
21.2966059 3624
21.3283224 3624
21.3744972 3624
21.3923683 3624
21.4218856 3624
21.4530456 3624
21.484254 3624
21.5306962 3624
21.5934902 3624
21.6092496 3624
21.6252896 3624
21.6556924 3624
21.6869935 3624
21.718266 3624
21.7651609 3624
21.7963243 3624
21.8282713 3624
21.859836 3624
21.8747748 3624
21.8905757 3624
21.952576 3624
21.9838383 3624
22.0154598 3624
22.0468339 3624
22.0619572 3624
22.0786042 3624
22.1090064 3624
22.1400668 3624
22.1715275 3624
22.2182802 3624
22.2494457 3624
22.2810371 3624
22.3431908 3624
22.3588183 3624
22.374443 3624
22.4056944 3624
22.4369567 3624
22.4528385 3624
22.4839267 3624
22.5778963 3624
22.6092766 3624
22.6407747 3624
22.6556909 3624
22.687144 3624
22.7338497 3624
22.765151 3624
22.796593 3624
22.8283868 3624
22.8598604 3624
22.8903562 3624
22.9213222 3624
22.9996566 3625
23.0150664 3625
23.0467066 3625
23.0786097 3625
23.0933138 3625
23.1090298 3625
23.1410979 3625
23.1713251 3625
23.2025669 3625
23.2346844 3625
23.2651558 3625
23.2966116 3625
23.3431919 3625
23.3745114 3625
23.3902439 3625
23.4058011 3625
23.4221181 3625
23.4532131 3628
23.4681939 3628
23.5000855 3628
23.5151194 3628
23.5470742 3628
23.5775678 3628
23.6092678 3628
23.6253372 3628
23.6559103 3628
23.6871479 3628
23.7182648 3628
23.7495767 3628
23.780692 3628
23.8127091 3628
23.8744864 3628
23.8903438 3628
23.9369426 3628
23.9681979 3624
23.9999478 3624
24.0152588 3624
24.0469982 3624
24.0778518 3624
24.0938379 3624
24.1869522 3624
24.2033146 3624
24.2341219 3624
24.2651655 3624
24.2963183 3624
24.3588173 3624
24.3906064 3624
24.4213213 3624
24.4532457 3628
24.4839071 3628
24.5471279 3628
24.5775666 3628
24.6090556 3628
24.6409117 3628
24.6722 3628
24.70285 3628
24.7650707 3628
24.7811831 3628
24.8119435 3628
24.843913 3628
24.8592283 3628
24.8753612 3628
24.8906033 3628
24.9056923 3628
24.9369567 3628
24.9838653 3628
25.0160783 3628
25.0463483 3628
25.0621678 3628
25.0940378 3628
25.1713228 3628
25.1869437 3628
25.2185094 3628
25.2494804 3628
25.2814419 3628
25.2973515 3628
25.3285194 3628
25.3900709 3628
25.4219711 3628
25.4526408 3626
25.4838523 3626
25.5151045 3626
25.5619408 3626
25.5937322 3626
25.6250837 3626
25.6567351 3626
25.6870546 3626
25.7504765 3626
25.7963173 3626
25.8281316 3626
25.85914 3626
25.8753358 3626
25.8901521 3626
25.9213206 3628
25.9838289 3628
26.0150715 3628
26.0463357 3628
26.0629375 3628
26.078482 3628
26.0942383 3628
26.1563186 3628
26.1869539 3628
26.2190211 3628
26.2497453 3628
26.2653744 3628
26.2815509 3628
26.312068 3628
26.3588199 3628
26.3906055 3628
26.4369438 3620
26.4687996 3620
26.5006907 3620
26.546316 3620
26.5931958 3620
26.6093712 3620
26.6403069 3620
26.6562986 3620
26.671971 3620
26.6872289 3620
26.7032442 3620
26.7182769 3620
26.7650689 3620
26.811979 3620
26.8281011 3620
26.8744577 3620
26.8902455 3620
26.9058628 3620
26.9371155 3625
26.9994431 3625
27.0150681 3625
27.0466769 3625
27.0780891 3625
27.0942099 3625
27.1244443 3625
27.1400708 3625
27.1713197 3625
27.203624 3625
27.2341574 3625
27.2496925 3625
27.2814997 3625
27.296381 3625
27.3276086 3625
27.3588624 3625
27.3900986 3625
27.4369472 3628
27.4683102 3628
27.484422 3628
27.5157771 3628
27.5463282 3628
27.5932304 3628
27.6245105 3628
27.6563669 3628
27.6871781 3628
27.7182803 3628
27.7494438 3628
27.7807328 3628
27.8122506 3628
27.8435841 3628
27.8592335 3628
27.874589 3628
27.905882 3624
27.9369536 3624
27.9994432 3624
28.0313867 3624
28.0622487 3624
28.0940519 3624
28.1400665 3624
28.1869478 3624
28.2031705 3624
28.2184182 3624
28.2494703 3624
28.2652687 3624
28.2970429 3624
28.3122581 3624
28.3283542 3624
28.3435817 3624
28.3902429 3624
28.4369542 3619
28.4536187 3619
28.4838539 3619
28.5150755 3619
28.5619439 3619
28.5933252 3619
28.6249262 3619
28.6400681 3619
28.6721287 3619
28.7027648 3619
28.7494414 3619
28.765185 3619
28.7963945 3619
28.8279341 3619
28.8595928 3619
28.8903468 3619
28.936947 3628
28.9688838 3628
29.0150696 3628
29.0468632 3628
29.0778759 3628
29.0965446 3628
29.1400856 3628
29.1713201 3628
29.2027659 3628
29.2341896 3628
29.2654123 3628
29.2965024 3628
29.3123811 3628
29.3588161 3628
29.3900681 3628
29.4218689 3628
29.4528012 3628
29.4840973 3628
29.5151994 3627
29.5463173 3627
29.5776474 3627
29.5935435 3627
29.6244466 3627
29.6411092 3627
29.6715085 3627
29.7028786 3627
29.7338207 3627
29.7650812 3627
29.7807058 3627
29.796603 3627
29.8279616 3627
29.8593214 3627
29.8750487 3627
29.9838201 3627
29.999445 3625
30.0307492 3625
30.0471996 3625
30.0779134 3625
30.0931917 3625
30.155692 3625
30.1871251 3625
30.2028872 3625
30.2181928 3625
30.2498014 3625
30.2817329 3625
30.2963772 3625
30.3122243 3625
30.327947 3625
30.358822 3625
30.4056909 3625
30.4217923 3625
30.4528248 3625
30.4838235 3625
30.5307282 3619
30.5619408 3619
30.5775855 3619
30.6088183 3619
30.6407393 3619
30.6715467 3619
30.7027333 3619
30.7965439 3619
30.8125495 3619
30.8431929 3619
30.8592335 3619
30.8901457 3619
30.9214825 3619
30.9838985 3619
30.9995097 3620
31.0314078 3620
31.0629347 3620
31.0776415 3620
31.0934464 3620
31.1090242 3620
31.1400681 3620
31.1556935 3620
31.1870209 3620
31.2186414 3620
31.2502818 3620
31.2808761 3620
31.2963186 3620
31.3276031 3620
31.3588163 3620
31.3744419 3620
31.4061245 3620
31.4371236 3620
31.4683769 3620
31.5004896 3624
31.5312874 3624
31.5463189 3624
31.5775695 3624
31.6094107 3624
31.624686 3624
31.6563428 3624
31.6873759 3624
31.7182841 3624
31.7494402 3624
31.7816687 3624
31.797359 3624
31.8129374 3624
31.858858 3624
31.8754221 3624
31.9058687 3624
31.9213687 3624
31.9529403 3624
31.983816 3624
32.0150763 3628
32.0619791 3628
32.0780643 3628
32.1089365 3628
32.1246704 3628
32.1713388 3628
32.1870273 3628
32.2187698 3628
32.2650716 3628
32.2811202 3628
32.2969417 3628
32.3122041 3628
32.3588185 3628
32.3744431 3628
32.4057778 3628
32.4217263 3628
32.4536603 3628
32.4838779 3628
32.4996726 3627
32.5306957 3627
32.5775691 3627
32.5931936 3627
32.6252222 3627
32.6869566 3627
32.7026931 3627
32.7818389 3627
32.79635 3627
32.8119426 3627
32.8432888 3627
32.8744989 3627
32.8901239 3627
32.9214336 3627
32.9682095 3627
33.0156439 3627
33.0307779 3625
33.0470057 3625
33.0775665 3625
33.1720245 3625
33.1873823 3625
33.2028445 3625
33.2339354 3625
33.265339 3625
33.2970623 3625
33.3123523 3625
33.3588168 3625
33.3904228 3625
33.422412 3625
33.4526531 3625
33.4683015 3625
33.5000296 3627
33.5775677 3627
33.5932473 3627
33.6253574 3627
33.6560145 3627
33.6719866 3627
33.7027607 3627
33.7810989 3627
33.7970075 3627
33.812151 3627
33.8276451 3627
33.8588173 3627
33.8900682 3627
33.9057195 3627
33.9369929 3627
33.9681923 3627
34.0150663 3628
34.0317341 3628
34.0623642 3628
34.0931917 3628
34.1092806 3628
34.1400668 3628
34.1714118 3628
34.187089 3628
34.2184488 3628
34.2497501 3628
34.2807737 3628
34.3120619 3628
34.3900653 3628
34.4218217 3628
34.43798 3628
34.4686399 3628
34.5010915 3628
34.5463765 3628
34.5775731 3628
34.6090094 3628
34.6245537 3628
34.6560169 3628
34.6869962 3628
34.7183042 3628
34.749442 3628
34.7970169 3628
34.811968 3628
34.8281224 3628
34.85928 3628
34.8907344 3628
34.9213608 3628
34.9681929 3628
35.0306936 3626
35.0473528 3626
35.0622938 3626
35.1088179 3626
35.1400778 3626
35.1717473 3626
35.1870846 3626
35.2189024 3626
35.2504862 3626
35.2653522 3626
35.2807972 3626
35.2967385 3626
35.3275822 3626
35.3900753 3626
35.4217593 3626
35.4531968 3626
35.4692232 3626
35.5306922 3626
35.5619409 3626
35.5942157 3626
35.6248102 3626
35.6400728 3626
35.6715132 3626
35.7181926 3626
35.7341445 3626
35.7500294 3626
35.7650685 3626
35.7806948 3626
35.8122249 3626
35.8435174 3626
35.8746261 3626
35.9060536 3626
35.9525667 3626
35.9839104 3628
36.0161229 3628
36.0464155 3628
36.0775683 3628
36.12454 3628
36.1556985 3628
36.1713806 3628
36.2025676 3628
36.2348605 3628
36.2500154 3628
36.2653662 3628
36.2807266 3628
36.3431969 3628
36.3744422 3628
36.4059559 3628
36.4378648 3628
36.4690704 3628
36.4995173 3628
36.5307086 3628
36.5471644 3628
36.577569 3628
36.6090264 3628
36.6403927 3628
36.6567761 3628
36.6875771 3628
36.7027987 3628
36.7338325 3628
36.7650682 3628
36.7963292 3628
36.8280105 3628
36.8588359 3628
36.8901999 3628
36.9214632 3628
36.9681947 3628
36.99945 3628
37.0309971 3628
37.0469908 3628
37.0786006 3628
37.10885 3628
37.1557077 3628
37.1869457 3628
37.2184533 3628
37.234381 3628
37.2650673 3628
37.2812095 3628
37.2971816 3628
37.3119692 3628
37.3746333 3628
37.4057404 3628
37.436966 3628
37.5311982 3627
37.5775666 3627
37.6244426 3627
37.6879977 3627
37.7025811 3627
37.7650754 3627
37.8275664 3627
37.8588188 3627
37.8744631 3627
37.9686207 3628
37.9995346 3628
38.0309347 3628
38.046371 3628
38.0628522 3628
38.0942299 3628
38.1400745 3628
38.2026984 3628
38.2817363 3628
38.2963182 3628
38.3595373 3628
38.4056925 3628
38.4369431 3628
38.4686784 3623
38.4846716 3623
38.5004815 3623
38.5932053 3623
38.6400677 3623
38.6714953 3623
38.6876986 3623
38.7183651 3623
38.7650676 3623
38.7964846 3623
38.8275742 3623
38.8596213 3623
38.8908006 3623
38.9060685 3623
38.9379889 3623
39.015077 3623
39.0309302 3623
39.0471027 3623
39.0622782 3623
39.0784944 3623
39.1244845 3623
39.1556959 3623
39.187152 3623
39.2185766 3623
39.250348 3623
39.2817539 3623
39.3121899 3623
39.3588186 3623
39.4056953 3623
39.4215978 3623
39.4533849 3621
39.4839432 3621
39.4996014 3621
39.5308018 3621
39.5619441 3621
39.5931929 3621
39.6091795 3621
39.6405175 3621
39.6564442 3621
39.6875064 3621
39.7183215 3621
39.749444 3621
39.7963692 3621
39.8126111 3621
39.8435217 3621
39.8744498 3621
39.9060571 3621
39.9525677 3625
39.9842562 3625
39.9999537 3625
40.0312015 3625
40.0464108 3625
40.0776531 3625
40.1089488 3625
40.1411375 3625
40.2025665 3625
40.2348621 3625
40.2650877 3625
40.2963164 3625
40.3275669 3625
40.3588264 3625
40.3907364 3625
40.4059235 3625
40.4213176 3627
40.452784 3627
40.4690217 3627
40.4839328 3627
40.4998738 3627
40.54659 3627
40.5619437 3627
40.5934161 3627
40.6252586 3627
40.6565584 3627
40.6873264 3627
40.7025726 3627
40.7650918 3627
40.796711 3627
40.8126681 3627
40.8440189 3627
40.8750967 3627
40.9059011 3627
40.9369431 3627
40.9682017 3625
40.9838176 3625
41.0160119 3625
41.0465256 3625
41.0776469 3625
41.1407999 3625
41.1556909 3625
41.187125 3625
41.2184122 3625
41.2498181 3625
41.2810152 3625
41.358826 3625
41.3744411 3625
41.4061119 3625
41.4379891 3625
41.4531737 3625
41.4687302 3625
41.4839368 3625
41.4998692 3625
41.5463175 3628
41.5778434 3628
41.6094298 3628
41.6400684 3628
41.6713447 3628
41.7026068 3628
41.7183128 3628
41.7494413 3628
41.7650912 3628
41.7806935 3628
41.812543 3628
41.8433434 3628
41.8745019 3628
41.9060426 3628
41.9838173 3628
42.0150671 3628
42.0473513 3628
42.0781134 3628
42.1400825 3628
42.1722958 3628
42.2025663 3628
42.234089 3628
42.2499764 3628
42.2653399 3628
42.2817462 3628
42.3120141 3628
42.3744492 3628
42.3901392 3628
42.4369418 3622
42.4530399 3622
42.4682179 3622
42.5001636 3622
42.5463722 3622
42.5619398 3622
42.593631 3622
42.6247318 3622
42.6560264 3622
42.6874833 3622
42.702566 3622
42.7182412 3622
42.7650664 3622
42.7963177 3622
42.8275986 3622
42.8432414 3622
42.8751635 3622
42.906023 3622
42.9525677 3623
42.9838176 3623
43.0156094 3623
43.0473023 3623
43.0779084 3623
43.1088161 3623
43.1556922 3623
43.1869421 3623
43.2027428 3623
43.2338247 3623
43.2503665 3623
43.2807994 3623
43.2972148 3623
43.3276643 3623
43.3588195 3623
43.3900933 3623
43.4057118 3623
43.4369449 3627
43.4690191 3627
43.4847871 3627
43.5004165 3627
43.5306947 3627
43.5619437 3627
43.5936829 3627
43.6246372 3627
43.6561569 3627
43.672035 3627
43.6879694 3627
43.7494474 3627
43.7652222 3627
43.7807079 3627
43.8124922 3627
43.8278311 3627
43.8590487 3627
43.8747087 3627
43.9060417 3627
43.9373408 3621
44.015753 3621
44.0463205 3621
44.0782937 3621
44.1088278 3621
44.1403149 3621
44.1713157 3621
44.2027758 3621
44.2192649 3621
44.2495154 3621
44.280815 3621
44.3120625 3621
44.3432044 3621
44.3744996 3621
44.4060095 3621
44.4371808 3621
44.4684054 3621
44.5004863 3621
44.5776118 3616
44.6092023 3616
44.655698 3616
44.6878835 3616
44.7027394 3616
44.7185051 3616
44.7650737 3616
44.7827308 3616
44.8275764 3616
44.8633689 3616
44.8911187 3616
44.9215942 3616
44.9682195 3616
44.9838247 3616
45.0151624 3616
45.0308789 3620
45.061957 3620
45.0938983 3620
45.1251421 3620
45.1557223 3620
45.187022 3620
45.2192496 3620
45.2496881 3620
45.280962 3620
45.3119481 3620
45.343518 3620
45.3744426 3620
45.406263 3620
45.436942 3620
45.468292 3620
45.5004237 3620
45.5463152 3622
45.5619429 3622
45.5778607 3622
45.609691 3622
45.6409684 3622
45.656736 3622
45.6869465 3622
45.7026972 3622
45.7185238 3622
45.7650669 3622
45.8120398 3622
45.8275928 3622
45.8440478 3622
45.8746242 3622
45.9060021 3622
45.9369416 3622
45.9686839 3622
45.9998777 3622
46.0310703 3625
46.0470709 3625
46.0784322 3625
46.1088315 3625
46.1244836 3625
46.1876731 3625
46.2027396 3625
46.2182316 3625
46.2341186 3625
46.265543 3625
46.2970684 3625
46.328019 3625
46.3588181 3625
46.3745367 3625
46.4062608 3625
46.4370051 3625
46.4526433 3625
46.4685227 3625
46.5307254 3627
46.5627234 3627
46.5778695 3627
46.5937299 3627
46.6254644 3627
46.6559961 3627
46.6869432 3627
46.7027494 3627
46.7185115 3627
46.750242 3627
46.7806908 3627
46.8120118 3627
46.8441413 3627
46.875488 3627
46.9056923 3627
46.9373608 3627
47.0152056 3627
47.0306957 3618
47.0620873 3618
47.0786214 3618
47.10886 3618
47.1401144 3618
47.1713188 3618
47.1869437 3618
47.2183268 3618
47.2499631 3618
47.2817389 3618
47.3119469 3618
47.3588395 3618
47.3751618 3618
47.3909161 3618
47.4062534 3618
47.4373794 3618
47.4682652 3618
47.5001 3618
47.5309399 3622
47.5619483 3622
47.5932626 3622
47.6244878 3622
47.6563048 3622
47.6722131 3622
47.7025935 3622
47.7183689 3622
47.7650681 3622
47.7806944 3622
47.8123645 3622
47.8588386 3622
47.8745419 3622
47.9059107 3622
47.952573 3622
47.9681901 3622
47.9994456 3622
48.0311312 3625
48.0621848 3625
48.0932996 3625
48.1557075 3625
48.187986 3625
48.2026181 3625
48.2182885 3625
48.2495722 3625
48.2811086 3625
48.3275905 3625
48.3591583 3625
48.3905407 3625
48.4062475 3625
48.437386 3625
48.4533532 3625
48.4683125 3625
48.4841932 3625
48.5150696 3622
48.5619754 3622
48.5776299 3622
48.6097567 3622
48.6405385 3622
48.6562423 3622
48.6721008 3622
48.687209 3622
48.7181918 3622
48.7808801 3622
48.8588187 3622
48.8900981 3622
48.9216072 3622
48.9532204 3622
49.0306992 3623
49.0463301 3623
49.0782158 3623
49.1088694 3623
49.1411181 3623
49.1556941 3623
49.218206 3623
49.2344983 3623
49.2500899 3623
49.2652176 3623
49.2966199 3623
49.3432037 3623
49.4060303 3623
49.4213208 3623
49.4536129 3623
49.4838346 3623
49.499743 3621
49.5786526 3621
49.5936257 3621
49.6088715 3621
49.6406343 3621
49.6566534 3621
49.6723594 3621
49.7027484 3621
49.7494466 3621
49.780695 3621
49.8119593 3621
49.8435201 3621
49.8588441 3621
49.8911092 3621
49.921605 3621
49.9699994 3621
50.0308027 3622
50.0621484 3622
50.0940682 3622
50.1400674 3622
50.1869601 3622
50.2027505 3622
50.2189714 3622
50.2495833 3622
50.2809099 3622
50.3744422 3622
50.3900698 3622
50.4062444 3622
50.4371491 3622
50.4691494 3622
50.4996213 3624
50.5463411 3624
50.5931918 3624
50.6248381 3624
50.6566535 3624
50.6876609 3624
50.7183715 3624
50.7807066 3624
50.7971433 3624
50.8277645 3624
50.8592874 3624
50.8901692 3624
50.9060822 3624
50.9994589 3623
51.031181 3623
51.0620925 3623
51.0942396 3623
51.1247128 3623
51.17132 3623
51.2183457 3623
51.2340091 3623
51.2497502 3623
51.281515 3623
51.3121499 3623
51.3588416 3623
51.3744424 3623
51.3904362 3623
51.4057561 3623
51.4373778 3623
51.4692265 3623
51.5150808 3629
51.5622216 3629
51.5938881 3629
51.6249714 3629
51.6556924 3629
51.6723646 3629
51.6873733 3629
51.7027502 3629
51.7183756 3629
51.734445 3629
51.7651578 3629
51.796319 3629
51.82792 3629
51.8597812 3629
51.8754859 3629
51.8902628 3629
51.921391 3629
51.9683478 3629
51.9996592 3628
52.0309668 3628
52.0621866 3628
52.0942341 3628
52.1247762 3628
52.2025917 3628
52.2186347 3628
52.2494814 3628
52.2657185 3628
52.2817278 3628
52.3119435 3628
52.3745027 3628
52.3900708 3628
52.4213182 3628
52.4525695 3628
52.4838174 3619
52.5151835 3619
52.5782553 3619
52.6088191 3619
52.6401925 3619
52.671985 3619
52.7029013 3619
52.7338179 3619
52.7494472 3619
52.7810173 3619
52.8124726 3619
52.844234 3619
52.8746093 3619
52.9060348 3619
52.937873 3619
52.9681937 3619
52.9994755 3621
53.0307266 3621
53.0626395 3621
53.0935137 3621
53.1251022 3621
53.1411029 3621
53.23382 3621
53.2494467 3621
53.2658624 3621
53.2973666 3621
53.3120641 3621
53.3911045 3621
53.4213178 3621
53.4375949 3621
53.4532009 3621
53.4844162 3626
53.5306944 3626
53.5622121 3626
53.5940149 3626
53.6254839 3626
53.6561447 3626
53.6878872 3626
53.7029103 3626
53.7654036 3626
53.7807281 3626
53.8129738 3626
53.8432004 3626
53.874454 3626
53.9060409 3626
53.9216212 3626
54.0306927 3621
54.0629948 3621
54.0935368 3621
54.1400912 3621
54.1713335 3621
54.2182091 3621
54.2342095 3621
54.2496295 3621
54.2807726 3621
54.2965756 3621
54.343194 3621
54.3745198 3621
54.4056917 3621
54.4215838 3621
54.4369541 3621
54.4682002 3621
54.4840894 3626
54.5473873 3626
54.5775703 3626
54.6088876 3626
54.6251463 3626
