0.0312291 779
0.0625 779
0.1093727 779
0.1406031 779
0.2661364 779
0.296872 779
0.390605 769
0.4218569 769
0.4687421 769
0.5003191 769
0.5624876 769
0.593731 769
0.6406035 769
0.6718547 769
0.7031044 769
0.7658609 769
0.7968557 769
0.8437294 768
0.8906088 768
0.9218569 768
1.0160058 768
1.0468547 768
1.0624779 768
1.0937417 768
1.1406235 768
1.1564598 768
1.2499844 768
1.2812301 768
1.3281046 770
1.3908423 770
1.4381635 770
1.4698715 770
1.5002622 770
1.5468549 770
1.5782592 770
1.6249837 770
1.6562454 770
1.6874779 770
1.7343597 770
1.8128336 770
1.8437333 776
1.8906061 776
1.9218953 776
1.9690883 776
2.0000781 776
2.0314455 776
2.0781047 776
2.0948836 776
2.1719871 776
2.2343716 776
2.2656044 776
2.2968561 775
2.3125882 775
2.4062307 775
2.4218545 775
2.4687291 775
2.5001656 775
2.5318669 775
2.6093545 775
2.6562313 775
2.6874837 775
2.7033213 775
2.7346555 775
2.7812385 775
2.8281034 783
2.8593771 783
2.8756289 783
2.9063219 783
2.9376182 783
2.9843585 783
3.0159061 783
3.0625017 783
3.0781782 783
3.1093896 783
3.1874848 783
3.2198739 783
3.2503705 783
3.2968734 783
3.3281052 783
3.3906054 783
3.4374802 775
3.4843692 775
3.5312297 775
3.5624794 775
3.5937303 775
3.6406558 775
3.6563235 775
3.7343554 775
3.7812373 775
3.7968561 771
3.8437317 771
3.8594826 771
3.8908024 771
3.9695764 771
4.031945 771
4.0629221 771
4.0942795 771
4.1249807 771
4.171875 771
4.203112 771
4.2351149 771
4.2657977 771
4.3125419 779
4.3437305 779
4.3749789 779
4.4218549 779
4.4376563 779
4.4692611 779
4.5006891 779
4.5782547 779
4.5937424 779
4.6406061 779
4.6567122 779
4.7031042 779
4.7499805 779
4.7812298 779
4.8281134 776
4.8750185 776
4.9224868 776
4.9534045 776
5.0479993 776
5.0631035 776
5.1093546 776
5.1562303 776
5.1874886 776
5.2188497 776
5.2656122 776
5.2968547 779
5.3755663 779
5.4374826 779
5.4541373 779
5.4849317 779
5.5160578 779
5.6094886 779
5.6251638 779
5.6718555 779
5.6877802 779
5.718998 779
5.7500988 779
5.8442878 771
5.8761294 771
5.9218581 771
6.0167475 771
6.0624796 771
6.0937317 771
6.1249797 771
6.1562284 771
6.2031093 771
6.2192432 771
6.2503594 771
6.2968569 768
6.3281054 768
6.374983 768
6.4062423 768
6.4377297 768
6.4844006 768
6.5006284 768
6.5781084 768
6.6098764 768
6.656229 768
6.6874843 768
6.7032638 768
6.7823507 768
6.8437308 773
6.8602339 773
6.8917344 773
6.9374796 773
6.984355 773
7.0003642 773
7.0468778 773
7.0781728 773
7.1093985 773
7.1406733 773
7.1875106 773
7.2190555 773
7.2504364 773
7.2968543 774
7.3437382 774
7.4062311 774
7.4378683 774
7.4689052 774
7.5156507 774
7.5947372 774
7.6249808 774
7.6564441 774
7.6879106 774
7.734356 774
7.7503203 774
7.8125582 774
7.8594248 774
7.8916137 770
7.9531078 770
7.9843554 770
8.0158244 770
8.0624876 770
8.0781085 770
8.1105055 770
8.1562372 770
8.1874817 770
8.2188158 770
8.2505182 770
8.2968549 771
8.3437305 771
8.4065607 771
8.4218828 771
8.4534578 771
8.4853084 771
8.5312314 771
8.5624795 771
8.6406051 771
8.6721172 771
8.7031721 771
8.74998 771
8.7968547 774
8.8437295 774
8.8906052 774
8.9068718 774
8.9374841 774
9.0163911 774
9.0625054 774
9.109354 774
9.1406067 774
9.20316 774
9.2343552 774
9.2656672 774
9.2968566 773
9.3129296 773
9.3749805 773
9.4062499 773
9.4375046 773
9.4687294 773
9.4999801 773
9.5635441 773
9.6093582 773
9.6562476 773
9.672883 773
9.7038012 773
9.7823612 773
9.8124799 782
9.8286907 782
9.8749801 782
9.891166 782
9.9374932 782
10.0156058 782
10.0470295 782
10.0937298 782
10.1249808 782
10.1562939 782
10.2033629 782
10.2499807 782
10.2812292 771
10.312481 771
10.375227 771
10.406415 771
10.4379273 771
10.4843555 771
10.5156183 771
10.5468548 771
10.5937401 771
10.6406042 771
10.6565372 771
10.6876422 771
10.7344072 771
10.7502956 771
10.84382 771
10.8749893 775
10.8912804 775
10.9374802 775
10.9843576 775
11.0312373 775
11.046854 775
11.0937312 775
11.173028 775
11.2667511 775
11.3124827 775
11.3593554 779
11.406259 779
11.4375135 779
11.4843602 779
11.5156214 779
11.5782302 779
11.6249817 779
11.6562859 779
11.6719676 779
11.7035936 779
11.734633 779
11.812938 779
11.8437309 779
11.8749821 770
11.9064502 770
11.9843656 770
12.0159876 770
12.0624802 770
12.0937302 770
12.1249836 770
12.1880339 770
12.2192559 770
12.2509465 770
12.2968549 770
12.3756696 770
12.4698768 780
12.515607 780
12.5314676 780
12.5782094 780
12.6249857 780
12.6563802 780
12.7031037 780
12.7343533 780
12.7812771 780
12.8124795 780
12.8593551 780
12.8750221 775
12.9069455 775
12.9375408 775
13.0156049 775
13.0624799 775
13.0937314 775
13.1098945 775
13.1562337 775
13.2031041 775
13.2343564 775
13.281232 775
13.3124926 775
13.3593634 775
13.3912876 775
13.453106 775
13.499978 775
13.5156571 775
13.5468705 775
13.5787807 775
13.609432 775
13.6562341 775
13.6720552 775
13.7034144 775
13.7499806 775
13.8124817 775
13.8750011 769
13.92191 769
13.937623 769
13.9999816 769
14.0156047 769
14.0470509 769
14.0937308 769
14.1249861 769
14.2355145 769
14.2656031 769
14.3124789 769
14.3284146 769
14.3907732 771
14.4062328 771
14.453106 771
14.4999842 771
14.5157153 771
14.6249918 771
14.6718545 771
14.7187318 771
14.7499921 771
14.8124828 771
14.8288011 771
14.8594988 775
14.9062347 775
14.9374784 775
15.0010362 775
15.0157299 775
15.0624803 775
15.1093558 775
15.1406127 775
15.2196567 775
15.2347304 775
15.281232 775
15.3124832 775
15.3437306 774
15.4070898 774
15.4531066 774
15.4843576 774
15.5156058 774
15.5468677 774
15.6406348 774
15.6874813 774
15.7040835 774
15.7499903 774
15.7812331 774
15.8125271 774
15.8593643 775
15.9063043 775
15.9374781 775
15.984364 775
16.0001156 775
16.0320797 775
16.0781092 775
16.1097024 775
16.1562752 775
16.1874803 775
16.2343552 775
16.2508189 775
16.2816385 775
16.3127435 775
16.3593757 775
16.3907152 775
16.4374803 775
16.4538567 775
16.4999789 775
16.5156885 775
16.6408941 775
16.6562321 775
16.6875988 775
16.7198883 775
16.7968552 775
16.8437556 770
16.8906112 770
17.0165481 770
17.031232 770
17.0626783 770
17.1093606 770
17.140604 770
17.1718554 770
17.218732 770
17.234527 770
17.2812328 770
17.2970399 770
17.3437337 774
17.4064301 774
17.4218537 774
17.4687305 774
17.4999803 774
17.5468541 774
17.5781056 774
17.6098701 774
17.6412159 774
17.6874799 774
17.7188132 774
17.7345505 774
17.7812497 774
17.8124872 774
17.8438779 777
17.875247 777
17.9218648 777
18.0156064 777
18.0468638 777
18.0781073 777
18.1249798 777
18.2031055 777
18.2188795 777
18.2656034 777
18.3124894 779
18.3593627 779
18.3906082 779
18.4374811 779
18.4843804 779
18.5156097 779
18.624981 779
18.6718537 779
18.7031083 779
18.8127295 770
18.8439125 770
18.8906042 770
18.9374813 770
18.9689145 770
19.0156216 770
19.0468602 770
19.0781155 770
19.0939844 770
19.140606 770
19.1718532 770
19.2657973 770
19.2968556 770
19.343731 771
19.3906049 771
19.421856 771
19.4531048 771
19.4843564 771
19.5156111 771
19.5790152 771
19.6094538 771
19.6408634 771
19.6723946 771
19.7187313 771
19.7820219 771
19.8124812 771
19.9063297 770
19.937639 770
20.0625609 770
20.0781369 770
20.1099223 770
20.140844 770
20.2187347 770
20.2656053 770
20.2968661 770
20.3125797 770
20.3906967 770
20.4374889 770
20.4687307 770
20.4999848 770
20.5158785 770
20.593738 770
20.6097768 770
20.6409911 770
20.6874988 770
20.703345 770
20.7812307 770
20.8281522 775
20.8594466 775
20.8907581 775
20.9374805 775
20.9843553 775
21.0312474 775
21.0624806 775
21.0784133 775
21.1101725 775
21.156229 775
21.2195853 775
21.265604 775
21.2968687 773
21.32813 773
21.3906061 773
21.4062865 773
21.4531059 773
21.4843598 773
21.5156063 773
21.5468552 773
21.5781301 773
21.6093767 773
21.6562285 773
21.6721131 773
21.7187306 773
21.734473 773
21.796855 773
21.81293 773
21.8439423 773
21.8754313 773
21.9218563 773
21.9376757 773
22.0162674 773
22.0624862 773
22.1094181 773
22.1562399 773
22.1874888 773
22.20326 773
22.24998 773
22.281229 773
22.2973364 773
22.3751003 773
22.3906033 773
22.4374793 773
22.4843632 773
22.5156103 773
22.5940921 773
22.6252511 773
22.6718927 773
22.6877898 773
22.7196301 773
22.7503043 773
22.8281123 773
22.8593634 773
22.9062356 773
22.9374808 770
22.9687496 770
23.063571 770
23.0783796 770
23.1098779 770
23.1406316 770
23.2349005 770
23.2656063 770
23.2817729 770
23.3281308 770
23.3749887 770
23.4062279 778
23.43748 778
23.4687304 778
23.500021 778
23.5624911 778
23.6093561 778
23.6261235 778
23.6564295 778
23.6882252 778
23.7499864 778
23.7812377 778
23.7971008 778
23.8291968 778
23.8594638 778
23.9062302 773
23.9374781 773
24.046859 773
24.07854 773
24.1097884 773
24.1562383 773
24.2187478 773
24.2347545 773
24.2812713 773
24.2972074 773
24.3283256 773
24.4062291 775
24.4531049 775
24.5000516 775
24.5312301 775
24.6093555 775
24.65623 775
24.672323 775
24.7032076 775
24.7812311 775
24.8125503 775
24.859356 775
24.8752674 775
24.9218628 775
24.9374942 775
24.9843549 775
25.0163589 775
25.0472182 775
25.0783163 775
25.1249804 775
25.1407291 775
25.1874806 775
25.2343551 775
25.2812439 775
25.2971311 775
25.3749791 775
25.4218565 777
25.468737 777
25.5000266 777
25.5312473 777
25.6251496 777
25.6718597 777
25.7034851 777
25.7344627 777
25.7969117 777
25.8593735 777
25.9062456 776
26.0156053 776
26.0468596 776
26.0792233 776
26.1250491 776
26.1562311 776
26.2195162 776
26.2500818 776
26.2818949 776
26.3136112 776
26.3912928 771
26.4374791 771
26.4843563 771
26.5156052 771
26.5625056 771
26.5781889 771
26.6096357 771
26.6562311 771
26.6720499 771
26.7034024 771
26.7499805 771
26.8127176 771
26.8437324 771
26.8749789 774
26.8912515 774
26.9374797 774
26.9687302 774
27.0312346 774
27.0470653 774
27.0788887 774
27.1095087 774
27.1562294 774
27.2031193 774
27.2189313 774
27.2506067 774
27.2817996 774
27.3124824 774
27.3594225 774
27.4374804 773
27.4692148 773
27.5156159 773
27.5468593 773
27.5781063 773
27.6249813 773
27.6562298 773
27.6874808 773
27.7032589 773
27.7499825 773
27.8603999 773
27.9062328 771
27.9843557 771
27.9999815 771
28.0468702 771
28.0634535 771
28.1093535 771
28.1406047 771
28.2042401 771
28.2499831 771
28.296937 771
28.312888 771
28.4374802 773
28.46873 773
28.5156107 773
28.5781048 773
28.6097884 773
28.6562315 773
28.6875283 773
28.7187303 773
28.797 773
28.8285586 773
28.8749809 774
28.9067606 774
29.0002436 774
29.0316282 774
29.0781057 774
29.1097208 774
29.140899 774
29.2510017 774
29.2812319 774
29.3605405 774
29.3906223 774
29.4374795 774
29.4687602 774
29.4844546 774
29.5163741 774
29.5937301 774
29.6096616 774
29.6412828 774
29.6874807 774
29.7343561 774
29.7968583 774
29.8441794 776
29.8906048 776
29.921855 776
29.9689368 776
30.0001577 776
30.0312403 776
30.0632491 776
30.0944915 776
30.1406729 776
30.2042613 776
30.2195252 776
30.2503024 776
30.2968671 776
30.328447 776
30.4072773 774
30.5159662 774
30.562488 774
30.5937332 774
30.6254414 774
30.6718735 774
30.7499876 774
30.7968552 774
30.843787 774
30.8750024 774
30.9062348 774
30.9375127 774
30.9687301 770
31.000201 770
31.0313546 770
31.0781445 770
31.109357 770
31.1406048 770
31.2031032 770
31.219184 770
31.2501446 770
31.2815835 770
31.3281047 770
31.3593631 770
31.3906168 773
31.4374818 773
31.4687299 773
31.4999909 773
31.5627451 773
31.5938238 773
31.6250672 773
31.657374 773
31.6875617 773
31.7188301 773
31.7656228 773
31.7973317 773
31.828557 773
31.8749894 770
31.9218768 770
31.9687289 770
31.999999 770
32.0314553 770
32.0781075 770
32.0944263 770
32.2042441 770
32.2343946 770
32.2657059 770
32.2975518 770
32.3593579 775
32.3912256 775
32.4226457 775
32.4532731 775
32.4846588 775
32.5312306 775
32.626111 775
32.6406844 775
32.6874925 775
32.718731 775
32.7657578 775
32.7812315 775
32.8281046 775
32.8438593 774
32.8756371 774
32.9218564 774
32.9531156 774
32.9843592 774
33.0159722 774
33.0471132 774
33.0786654 774
33.1249806 774
33.1410997 774
33.2040335 774
33.2499877 774
33.2814754 774
33.3281074 774
33.3749806 774
33.4066713 774
33.4381238 774
33.4687344 774
33.5001871 774
33.6250862 774
33.6718553 774
33.7187333 774
33.7499885 774
33.7968546 774
33.8437303 776
33.8749958 776
33.9062287 776
33.9374964 776
34.0312308 776
34.0625234 776
34.0937308 776
34.1249808 776
34.2036414 776
34.2343556 776
34.2499802 776
34.2814595 776
34.3281088 769
34.4225245 769
34.4687326 769
34.4999917 769
34.5159039 769
34.5781036 769
34.6093877 769
34.6562465 769
34.6874813 769
34.703203 769
34.7656046 769
34.7812458 769
34.8281057 773
34.8749794 773
34.9854424 773
35.0163287 773
35.0476782 773
35.0791777 773
35.1249795 773
35.1562772 773
35.203105 773
35.2343656 773
35.2501079 773
35.281724 773
35.3281067 777
35.3906844 777
35.4374786 777
35.4539897 777
35.4847308 777
35.5156369 777
35.5624935 777
35.6254961 777
35.6410397 777
35.6874813 777
35.7187795 777
35.7499805 777
35.7968545 777
35.8281049 777
35.8593708 778
35.8751077 778
35.9218598 778
35.9687324 778
36.015605 778
36.0471367 778
36.0937401 778
36.1097458 778
36.14085 778
36.2191451 778
36.2502196 778
36.2823994 778
36.3127052 778
36.390605 778
36.4063191 778
36.4531053 774
36.4851882 774
36.5312989 774
36.5624807 774
36.6093538 774
36.6562873 774
36.6874819 774
36.7344223 774
36.7656061 774
36.7968554 774
36.843731 771
36.8595591 771
36.9062543 771
36.9219972 771
36.9687489 771
37.0156559 771
37.046854 771
37.0628773 771
37.0946542 771
37.1249826 771
37.1874806 771
37.2197064 771
37.2499808 771
37.2815361 771
37.3281041 771
37.4064241 771
37.4533111 766
37.4843868 766
37.5162165 766
37.562482 766
37.5937298 766
37.6093568 766
37.6562297 766
37.6718549 766
37.7033476 766
37.7345674 766
37.7812316 766
37.8124827 766
37.8437313 766
37.874987 766
37.906375 766
37.9376303 776
38.0475088 776
38.110524 776
38.1562445 776
38.1874803 776
38.2187423 776
38.2345495 776
38.2659047 776
38.2978317 776
38.3749808 776
38.3909482 776
38.4218627 768
38.4532825 768
38.4847098 768
38.5157362 768
38.5624801 768
38.5937314 768
38.625002 768
38.6563697 768
38.6876367 768
38.7188001 768
38.7656055 768
38.8291858 768
38.8593556 768
38.890605 768
38.9688628 771
38.9999786 771
39.0312423 771
39.0627195 771
39.1093544 771
39.1406203 771
39.218896 771
39.2500863 771
39.2815818 771
39.3281059 771
39.4532458 774
39.4843715 774
39.5156085 774
39.5468662 774
39.6258207 774
39.6718549 774
39.703166 774
39.7343575 774
39.7656053 774
39.8440034 774
39.890608 774
39.9064497 766
39.9844994 766
40.016483 766
40.0624825 766
40.078387 766
40.1249807 766
40.1874947 766
40.2031106 766
40.2499819 766
40.2814576 766
40.3128316 766
40.3749802 766
40.3906445 766
40.4219333 771
40.4538834 771
40.49998 771
40.5312302 771
40.5624805 771
40.6093537 771
40.6406243 771
40.656995 771
40.6884888 771
40.7343572 771
40.765606 771
40.796983 771
40.8437337 771
40.8906084 771
40.9218563 777
40.9843709 777
