0.0153968 1676
0.0468339 1676
0.0782046 1676
0.1411849 1676
0.1562716 1676
0.1878281 1676
0.2185588 1676
0.2500192 1676
0.2809998 1676
0.3126711 1679
0.3445408 1679
0.360268 1679
0.3758968 1679
0.4216229 1679
0.4529082 1679
0.4842455 1679
0.5155879 1679
0.5466265 1679
0.5790166 1679
0.6247491 1679
0.6407495 1679
0.6726896 1679
0.7028757 1679
0.7345172 1679
0.7655773 1679
0.7970078 1682
0.8283255 1682
0.8435002 1682
0.906002 1682
0.9221425 1682
0.9378878 1682
0.9687333 1682
0.9999356 1682
1.0314727 1682
1.0633982 1682
1.0935039 1682
1.1247505 1682
1.157135 1682
1.1872527 1682
1.2185894 1682
1.2499599 1682
1.3278764 1681
1.3445319 1681
1.3758988 1681
1.3903751 1681
1.4220369 1681
1.4533524 1681
1.4997568 1681
1.531623 1681
1.5631063 1681
1.5946379 1681
1.6248192 1681
1.6404177 1681
1.6872559 1681
1.7028741 1681
1.7342012 1681
1.7810012 1673
1.796626 1673
1.8128183 1673
1.8434992 1673
1.8595218 1673
1.8904034 1673
1.9218966 1673
1.9528911 1673
1.98456 1673
2.0154333 1673
2.0466609 1673
2.0934989 1673
2.1091294 1673
2.1403774 1673
2.1571802 1673
2.1877385 1673
2.2185052 1673
2.249889 1673
2.2966292 1673
2.3125549 1678
2.343522 1678
2.3595171 1678
2.3908578 1678
2.422116 1678
2.452873 1678
2.5160854 1678
2.531272 1678
2.547768 1678
2.5633937 1678
2.5940233 1678
2.6249813 1678
2.6565027 1678
2.7029096 1678
2.7341614 1678
2.7509036 1678
2.7822364 1672
2.8124914 1672
2.9221488 1672
2.953635 1672
2.9843592 1672
3.0156734 1672
3.0622494 1672
3.0935026 1672
3.110204 1672
3.1247944 1672
3.1405476 1672
3.172094 1672
3.2038741 1672
3.2347642 1672
3.2809996 1672
3.3133838 1672
3.3436137 1672
3.3593669 1672
3.3752765 1672
3.3904039 1672
3.4227694 1672
3.4685138 1672
3.5001935 1672
3.5153736 1672
3.5470316 1672
3.5780002 1672
3.5946447 1672
3.6249254 1672
3.6716227 1672
3.7028773 1672
3.7341426 1672
3.7653729 1672
3.7973271 1674
3.8134045 1674
3.8435121 1674
3.8749197 1674
3.9059998 1674
3.9218555 1674
3.9533458 1674
3.9846026 1674
4.0155585 1674
4.0466283 1674
4.0778772 1674
4.1102563 1674
4.1408574 1674
4.1567422 1674
4.1872498 1674
4.2186932 1674
4.249996 1674
4.296625 1685
4.3442033 1685
4.3591296 1685
4.3758762 1685
4.4071406 1685
4.4375537 1685
4.4997509 1685
4.5156757 1685
4.5470264 1685
4.5631009 1685
4.5946056 1685
4.6247549 1685
4.6560068 1685
4.6874771 1685
4.7187099 1685
4.7498119 1685
4.7809997 1675
4.8124204 1675
4.8435194 1675
4.8598633 1675
4.9060007 1675
4.9376406 1675
4.9687285 1675
4.9999443 1675
5.0313022 1675
5.0628827 1675
5.1091248 1675
5.1405852 1675
5.1716767 1675
5.1877958 1675
5.2185898 1675
5.2499358 1683
5.3122626 1683
5.3280178 1683
5.343752 1683
5.359323 1683
5.3752489 1683
5.3911496 1683
5.4227668 1683
5.4535736 1683
5.5153789 1683
5.5314585 1683
5.5471223 1683
5.5778986 1683
5.5938136 1683
5.6097652 1683
5.6408225 1683
5.6717647 1683
5.7185067 1683
5.7500669 1672
5.7819029 1672
5.8127982 1672
5.8283251 1672
5.8600858 1672
5.9059985 1672
5.9374502 1672
5.9538821 1672
5.9842576 1672
6.0157878 1672
6.0317692 1672
6.0468049 1672
6.0625338 1672
6.1403813 1672
6.171777 1672
6.2028772 1672
6.2344124 1672
6.2653939 1672
6.2810002 1672
6.3126732 1672
6.3280414 1672
6.3435048 1672
6.359551 1676
6.3908966 1676
6.4059993 1676
6.4373927 1676
6.4841276 1676
6.5155453 1676
6.5310127 1676
6.5627065 1676
6.5785712 1676
6.6102655 1676
6.6404251 1676
6.7034078 1676
6.7185078 1676
6.7502011 1675
6.7816616 1675
6.8130943 1675
6.8435313 1675
6.93725 1675
6.9686861 1675
7.0006718 1675
7.0321429 1675
7.0778886 1675
7.1096441 1675
7.1414685 1675
7.1721967 1675
7.1880368 1675
7.2186314 1675
7.2653739 1682
7.2975718 1682
7.3278819 1682
7.3596848 1682
7.3748926 1682
7.4070604 1682
7.4378089 1682
7.4841283 1682
7.5310001 1682
7.5467632 1682
7.5626534 1682
7.5938673 1682
7.6251528 1682
7.6564554 1682
7.6872616 1682
7.7341266 1675
7.7657346 1675
7.7971919 1675
7.8131928 1675
7.8435038 1675
7.8903755 1675
7.9217075 1675
7.9534481 1675
7.984129 1675
8.0165012 1675
8.0468334 1675
8.0629386 1675
8.0935016 1675
8.1247536 1675
8.1404675 1675
8.1723855 1675
8.2040204 1675
8.2344229 1675
8.2653928 1677
8.2966262 1677
8.3126198 1677
8.3286365 1677
8.3596489 1677
8.3910593 1677
8.4226641 1677
8.4528835 1677
8.484125 1677
8.5165143 1677
8.5310831 1677
8.5627109 1677
8.593948 1677
8.6257043 1677
8.6716295 1677
8.7028856 1677
8.7189564 1677
8.7498621 1673
8.7812724 1673
8.8130633 1673
8.8278843 1673
8.890426 1673
8.90617 1673
8.9223642 1673
8.9382352 1673
8.968498 1673
9.0001043 1673
9.0315953 1673
9.0468282 1673
9.0779016 1673
9.0935318 1673
9.1094972 1673
9.1412971 1673
9.1724011 1673
9.2031237 1673
9.2346159 1673
9.2659015 1676
9.3122499 1676
9.3290139 1676
9.3593092 1676
9.3906537 1676
9.4216457 1676
9.4530596 1676
9.5165222 1676
9.5310157 1676
9.5623691 1676
9.5787265 1676
9.5942785 1676
9.6092618 1676
9.6254016 1676
9.6561695 1676
9.687269 1676
9.718939 1676
9.7499949 1676
9.780998 1676
9.8125591 1676
9.8282489 1676
9.8591569 1677
9.8911839 1677
9.922106 1677
9.9531383 1677
9.9846056 1677
10.0161759 1677
10.0471991 1677
10.0934988 1677
10.1091237 1677
10.1404998 1677
10.1718365 1677
10.1877766 1677
10.2189359 1677
10.2500897 1677
10.265716 1677
10.2810079 1677
10.312496 1677
10.3445643 1672
10.3748985 1672
10.4061822 1672
10.4372509 1672
10.4841235 1672
10.5003737 1672
10.5318308 1672
10.5472694 1672
10.5779229 1672
10.6094058 1672
10.6407684 1672
10.6872528 1672
10.7187246 1672
10.7344573 1672
10.7810187 1672
10.8129932 1672
10.8282655 1680
10.8747514 1680
10.9060063 1680
10.9384158 1680
10.9540189 1680
10.9841227 1680
11.016035 1680
11.0468289 1680
11.0934979 1680
11.1095857 1680
11.1254098 1680
11.1564949 1680
11.1876529 1680
11.2195786 1680
11.2811731 1680
11.2966261 1680
11.3285393 1677
11.3594238 1677
11.3903871 1677
11.4221626 1677
11.4380247 1677
11.4841256 1677
11.5153743 1677
11.546913 1677
11.5780657 1677
11.6092883 1677
11.6255451 1677
11.6560031 1677
11.6872635 1677
11.7191374 1677
11.7351207 1677
11.7655784 1677
11.7966361 1677
11.8125249 1677
11.8435682 1671
11.8601707 1671
11.8903729 1671
11.9220726 1671
11.9373243 1671
11.9692845 1671
11.9997969 1671
12.0157128 1671
12.0311323 1671
12.0622532 1671
12.0935782 1671
12.1253754 1671
12.1561075 1671
12.1877918 1671
12.2185056 1671
12.2499913 1671
12.2653728 1671
12.3747532 1675
12.3904634 1675
12.4217253 1675
12.4534358 1675
12.4997491 1675
12.5158407 1675
12.5469588 1675
12.5787399 1675
12.6092007 1675
12.6250348 1675
12.6880225 1675
12.7185008 1675
12.7497905 1675
12.7655264 1675
12.7814131 1675
12.8123014 1675
12.8435857 1675
12.8903867 1675
12.9065367 1675
12.9372497 1675
12.9685513 1675
13.0003485 1675
13.031778 1675
13.0935111 1675
13.1247557 1675
13.1561212 1675
13.1875312 1675
13.2341332 1675
13.265805 1675
13.3281908 1675
13.3435042 1669
13.374755 1669
13.4061627 1669
13.437675 1669
13.49975 1669
13.5154258 1669
13.5472284 1669
13.5622501 1669
13.5945642 1669
13.6251067 1669
13.6716269 1669
13.6873401 1669
13.7185645 1669
13.7348151 1669
13.7503173 1669
13.8278804 1669
13.8435523 1675
13.874855 1675
13.9060547 1675
13.9372911 1675
13.9687817 1675
14.0007933 1675
14.0154423 1675
14.0467994 1675
14.0778973 1675
14.1097315 1675
14.1408563 1675
14.1720013 1675
14.2029148 1675
14.2497538 1675
14.2657863 1675
14.3278797 1682
14.3435457 1682
14.3747791 1682
14.4066465 1682
14.4373766 1682
14.4997539 1682
14.5153767 1682
14.5472133 1682
14.562295 1682
14.5945573 1682
14.6252162 1682
14.6560041 1682
14.7028746 1682
14.7344933 1682
14.7657826 1682
14.812252 1679
14.8436165 1679
14.890387 1679
14.9217287 1679
14.9538778 1679
14.9841241 1679
15.0001615 1679
15.0313444 1679
15.0622826 1679
15.0935016 1679
15.1252848 1679
15.1566649 1679
15.1882993 1679
15.2189025 1679
15.2497495 1679
15.2966299 1677
15.3279967 1677
15.3600167 1677
15.3906762 1677
15.4217141 1677
15.4531963 1677
15.5155738 1677
15.5311517 1677
15.5623086 1677
15.5942215 1677
15.6248044 1677
15.6564728 1677
15.7028746 1677
15.7343607 1677
15.7500699 1677
15.7657625 1677
15.7820428 1677
15.8123367 1676
15.8591289 1676
15.8910358 1676
15.9217335 1676
15.9529299 1676
15.968825 1676
16.0005769 1676
16.0164237 1676
16.0318079 1676
16.0778804 1676
16.1560033 1676
16.1718729 1676
16.2029777 1676
16.2351284 1676
16.2810014 1676
16.312428 1676
16.3435078 1677
16.3596272 1677
16.3905113 1677
16.4217164 1677
16.453328 1677
16.4997803 1677
16.5153748 1677
16.5474422 1677
16.5787714 1677
16.6091248 1677
16.6252661 1677
16.6408161 1677
16.6568165 1677
16.6872517 1677
16.7185011 1677
16.7498494 1677
16.7657554 1677
16.7966262 1677
16.8280274 1673
16.8436035 1673
16.9059992 1673
16.9372493 1673
16.9688982 1673
16.9850467 1673
17.0008026 1673
17.0310692 1673
17.0779303 1673
17.0934985 1673
17.1254267 1673
17.1562857 1673
17.1880545 1673
17.2185859 1673
17.2342215 1673
17.2966253 1676
17.3286434 1676
17.3592489 1676
17.3754986 1676
17.3903781 1676
17.4216905 1676
17.4532046 1676
17.4690764 1676
17.4997515 1676
17.5466344 1676
17.5623692 1676
17.5782999 1676
17.6094659 1676
17.6256664 1676
17.6565591 1676
17.7185042 1676
17.7341293 1676
17.7659195 1676
17.7968591 1679
17.812309 1679
17.8435744 1679
17.9060076 1679
17.9216273 1679
17.9372501 1679
17.9694224 1679
17.9851666 1679
18.0007958 1679
18.0164161 1679
18.0467945 1679
18.1091289 1679
18.1405794 1679
18.1716923 1679
18.188283 1679
18.2185257 1679
18.2342879 1679
18.2653792 1679
18.2966434 1679
18.3280059 1677
18.3591332 1677
18.3913759 1677
18.4219227 1677
18.4693177 1677
18.5153779 1677
18.5469773 1677
18.5779708 1677
18.6095287 1677
18.6405182 1677
18.6872518 1677
18.7028773 1677
18.7341994 1677
18.7501011 1677
18.7653988 1677
18.781931 1677
18.81286 1675
18.8757322 1675
18.9528781 1675
18.9685062 1675
19.0005279 1675
19.0164147 1675
19.0466244 1675
19.1091357 1675
19.1404375 1675
19.156278 1675
19.1875824 1675
19.2193306 1675
19.2350375 1675
19.2499943 1675
19.2654839 1675
19.2966706 1682
19.3278825 1682
19.3442039 1682
19.3748417 1682
19.4066322 1682
19.4225413 1682
19.4841902 1682
19.5154346 1682
19.5318417 1682
19.5473757 1682
19.5784599 1682
19.6095291 1682
19.6560024 1682
19.6716266 1682
19.7185013 1682
19.7502266 1682
19.7820408 1679
19.8123753 1679
19.8282375 1679
19.8594272 1679
19.9059998 1679
19.9375155 1679
19.9684992 1679
20.0007941 1679
20.0313078 1679
20.0624698 1679
20.093506 1679
20.1252145 1679
20.1564854 1679
20.1881919 1679
20.2188652 1679
20.296625 1674
20.3279705 1674
20.3435182 1674
20.375361 1674
20.4068117 1674
20.42265 1674
20.4372911 1674
20.4528868 1674
20.4841256 1674
20.5310022 1674
20.5476697 1674
20.5779939 1674
20.6092595 1674
20.6559981 1674
20.6872491 1674
20.7032693 1674
20.7345446 1674
20.7507982 1674
20.7811512 1666
20.8130319 1666
20.8436024 1666
20.8748405 1666
20.9060007 1666
20.9372518 1666
20.9687239 1666
21.0001822 1666
21.0160517 1666
21.0311585 1666
21.0466439 1666
21.1094544 1666
21.1247504 1666
21.1570332 1666
21.1875674 1666
21.2187081 1666
21.235138 1666
21.2500209 1666
21.2656091 1666
21.2966273 1676
21.3435653 1676
21.3591316 1676
21.3904705 1676
21.4069379 1676
21.4224443 1676
21.4373379 1676
21.4845309 1676
21.4997829 1676
21.5310032 1676
21.562434 1676
21.5781184 1676
21.6094655 1676
21.6403755 1676
21.7350807 1676
21.7810046 1676
21.8126869 1683
21.8435039 1683
21.8594866 1683
21.9060021 1683
21.9219355 1683
21.9529887 1683
21.9689015 1683
21.98425 1683
22.0001185 1683
22.0316963 1683
22.0467852 1683
22.0622505 1683
22.1562873 1683
22.1872614 1683
22.2031889 1683
22.2194283 1683
22.2348432 1683
22.2500378 1683
22.3124058 1674
22.3435031 1674
22.3748446 1674
22.406656 1674
22.4529124 1674
22.4841243 1674
22.5158737 1674
22.5318465 1674
22.5622527 1674
22.5779795 1674
22.6096858 1674
22.6250844 1674
22.6559988 1674
22.6716266 1674
22.7030285 1674
22.7189338 1674
22.734302 1674
22.8278921 1677
22.8592337 1677
22.9060035 1677
22.9372504 1677
22.9685067 1677
22.9850212 1677
23.0005058 1677
23.0156536 1677
23.0312491 1677
23.1091275 1677
23.1251512 1677
23.1569179 1677
23.1874034 1677
23.2061412 1677
23.2349183 1677
23.2811493 1674
23.3278921 1674
23.3435587 1674
23.3749983 1674
23.4068103 1674
23.4372869 1674
23.4531732 1674
23.5006331 1674
23.5310773 1674
23.5470636 1674
23.5779818 1674
23.6091595 1674
23.6404502 1674
23.6716252 1674
23.7028752 1674
23.734939 1674
23.7810417 1676
23.7969718 1676
23.8282837 1676
23.8747503 1676
23.8903946 1676
23.9218939 1676
23.9380127 1676
23.9533859 1676
23.9686349 1676
23.9998121 1676
24.0155316 1676
24.0466555 1676
24.1091641 1676
24.1247538 1676
24.1566097 1676
24.1876747 1676
24.2185738 1676
24.2500688 1678
24.2810555 1678
24.3122679 1678
24.343641 1678
24.3757668 1678
24.4061514 1678
24.4217235 1678
24.4372942 1678
24.4694736 1678
24.4997485 1678
24.5315665 1678
24.562484 1678
24.5788575 1678
24.6091274 1678
24.6408174 1678
24.6716404 1678
24.7028747 1678
24.71858 1678
24.7497624 1678
24.7660101 1677
24.7967647 1677
24.828351 1677
24.8591301 1677
24.8903793 1677
24.9219182 1677
24.9378814 1677
24.9538503 1677
24.999871 1677
25.015376 1677
25.0622605 1677
25.0935682 1677
25.1253779 1677
25.1561742 1677
25.1883448 1677
25.218866 1677
25.2500392 1680
25.2660234 1680
25.328058 1680
25.3436929 1680
25.3757818 1680
25.4060013 1680
25.4217297 1680
25.4372933 1680
25.4535771 1680
25.4694371 1680
25.4997496 1680
25.5309978 1680
25.5625224 1680
25.5938324 1680
25.6249014 1680
25.6716315 1680
25.6872517 1680
25.7028761 1680
25.7191664 1680
25.7653788 1672
25.7811278 1672
25.8124595 1672
25.9216258 1672
25.9534347 1672
25.984889 1672
26.0004789 1672
26.031355 1672
26.0781533 1672
26.1099109 1672
26.1403967 1672
26.1565322 1672
26.1718446 1672
26.1877765 1672
26.2185067 1672
26.2499156 1678
26.265418 1678
26.2966243 1678
26.3280641 1678
26.3591819 1678
26.3904046 1678
26.4068558 1678
26.437303 1678
26.4528985 1678
26.4841396 1678
26.4998332 1678
26.531046 1678
26.5626383 1678
26.5937086 1678
26.6252337 1678
26.6716409 1678
26.6873943 1678
26.7191906 1678
26.7505534 1678
26.7809997 1678
26.8126117 1678
26.843566 1678
26.8903742 1678
26.9219223 1678
26.9535754 1678
26.9849709 1678
27.0155881 1678
27.0468472 1678
27.0778735 1678
27.1097477 1678
27.1404322 1678
27.1567029 1678
27.1721968 1678
27.2030503 1678
27.2343014 1677
27.2653766 1677
27.2970726 1677
27.3278754 1677
27.3594316 1677
27.3914423 1677
27.4060637 1677
27.4219236 1677
27.4528834 1677
27.4841267 1677
27.5155718 1677
27.5466905 1677
27.5624273 1677
27.5942711 1677
27.624883 1677
27.6879793 1677
27.702874 1677
27.7351613 1676
27.7656033 1676
27.7970094 1676
27.8279397 1676
27.8592885 1676
27.8903765 1676
27.9221515 1676
27.9373498 1676
27.9531755 1676
27.9685831 1676
27.9842738 1676
27.9998278 1676
28.0157762 1676
28.0466343 1676
28.0935034 1676
28.1250879 1676
28.1560008 1676
28.1880063 1676
28.2195539 1676
28.2653767 1676
28.3128615 1676
28.3436065 1676
28.3753289 1672
28.4070491 1672
28.4218297 1672
28.4528808 1672
28.5310013 1672
28.5625354 1672
28.578315 1672
28.6092077 1672
28.6247506 1672
28.6720329 1672
28.687248 1672
28.7031543 1672
28.7188168 1672
28.7968088 1672
28.8281647 1678
28.8912309 1678
28.9062132 1678
28.9374063 1678
28.9689032 1678
29.0004093 1678
29.0154413 1678
29.0778978 1678
29.10918 1678
29.1406726 1678
29.1724575 1678
29.1895038 1678
29.2195334 1678
29.2810006 1678
29.29681 1678
29.3282371 1678
29.3592216 1678
29.3910397 1678
29.4217162 1678
29.4372658 1678
29.4841257 1678
29.516264 1678
29.5475668 1678
29.5782571 1678
29.6093662 1678
29.6718811 1678
29.6872495 1678
29.7185032 1678
29.749776 1678
29.7811979 1678
29.8278757 1677
29.8436331 1677
29.8747939 1677
29.9060029 1677
29.9373602 1677
29.9534568 1677
29.9686564 1677
29.9851677 1677
30.0161161 1677
30.0469316 1677
30.109488 1677
30.1249617 1677
30.1567647 1677
30.1879531 1677
30.2034095 1677
30.2343681 1677
30.2653731 1677
30.2966626 1677
30.3280303 1677
30.3591597 1674
30.3914192 1674
30.4070513 1674
30.4226711 1674
30.5164209 1674
30.546829 1674
30.5625132 1674
30.5939857 1674
30.6257989 1674
30.6562388 1674
30.7028908 1674
30.7341508 1674
30.7503553 1674
30.781413 1674
30.8128593 1674
30.859132 1687
30.9060012 1687
30.9377711 1687
30.9539115 1687
30.9841901 1687
30.9999988 1687
31.0314458 1687
31.1413998 1687
31.1720718 1687
31.2028728 1687
31.2189954 1687
31.2500842 1687
31.3591434 1678
31.3907179 1678
31.4064848 1678
31.4372826 1678
31.4841243 1678
31.5159634 1678
31.532041 1678
31.5622938 1678
31.5935002 1678
31.6255298 1678
31.6405499 1678
31.7184996 1678
31.7346154 1678
31.7656984 1678
31.7971089 1678
31.8435013 1674
31.9061951 1674
31.9218097 1674
31.9539199 1674
31.9843365 1674
32.0163041 1674
32.0622517 1674
32.1560359 1674
32.1873895 1674
32.218544 1674
32.2344618 1674
32.2661821 1674
32.3122494 1675
32.3435039 1675
32.374921 1675
32.3908653 1675
32.4061635 1675
32.4216255 1675
32.4685012 1675
32.4841976 1675
32.546742 1675
32.5778731 1675
32.6405449 1675
32.6875598 1675
32.7185003 1675
32.7653878 1675
32.8591249 1675
32.8747562 1671
32.9216266 1671
33.0158436 1671
33.0310129 1671
33.0778758 1671
33.1091269 1671
33.1403748 1671
33.1718805 1671
33.2028733 1671
33.2343134 1671
33.3288734 1673
33.4372474 1673
33.4531192 1673
33.4997583 1673
33.5316224 1673
33.5622491 1673
33.5943661 1673
33.6248094 1673
33.6403728 1673
33.7036411 1673
33.7341251 1673
33.7499463 1673
33.7812124 1673
33.8131241 1679
33.8591254 1679
33.8747518 1679
33.9063415 1679
33.9377046 1679
33.9539177 1679
33.9843741 1679
34.0159955 1679
34.0779857 1679
34.1091259 1679
34.1403772 1679
34.1568923 1679
34.1872513 1679
34.2188197 1679
34.2348518 1679
34.2810011 1679
34.3122984 1677
34.3435541 1677
34.3757948 1677
34.3907667 1677
34.4062686 1677
34.4218963 1677
34.452876 1677
34.5000597 1677
34.5157311 1677
34.5470804 1677
34.5789105 1677
34.6093687 1677
34.6256083 1677
34.7351655 1677
34.7655298 1677
34.7966275 1677
34.8282226 1682
34.8747513 1682
34.8910219 1682
34.9070322 1682
34.9528749 1682
34.96932 1682
35.0007887 1682
35.0311245 1682
35.0468598 1682
35.1567394 1682
35.1718471 1682
35.1876183 1682
35.219092 1682
35.2498734 1682
35.2659145 1682
35.312248 1680
35.3437576 1680
35.3754938 1680
35.3914102 1680
35.4217441 1680
35.4373305 1680
35.5008346 1680
35.5153763 1680
35.5467443 1680
35.578911 1680
35.6091233 1680
35.6405843 1680
35.6562325 1680
35.7028901 1680
35.734232 1680
35.7810007 1680
35.8126296 1678
35.8280486 1678
35.8436938 1678
35.8914231 1678
35.9060031 1678
35.9374406 1678
35.968628 1678
35.9999566 1678
36.0312656 1678
36.0622668 1678
36.1092654 1678
36.1406561 1678
36.1716308 1678
36.1882933 1678
36.2186577 1678
36.2500147 1678
36.2810161 1678
36.3130501 1682
36.3278745 1682
36.3436533 1682
36.3749952 1682
36.4069117 1682
36.4373522 1682
36.5000519 1682
36.5313496 1682
36.5476642 1682
36.5779456 1682
36.6099388 1682
36.6249113 1682
36.6560154 1682
36.6872512 1682
36.7187131 1682
36.7342117 1682
36.7809993 1682
36.8123347 1671
36.8282213 1671
36.8436545 1671
36.9060106 1671
36.9217443 1671
36.9372505 1671
36.9841341 1671
37.0001583 1671
37.015679 1671
37.0468554 1671
37.0789188 1671
37.1091264 1671
37.140421 1671
37.1564351 1671
37.187305 1671
37.2185645 1671
37.234126 1671
37.2653761 1671
37.281123 1676
37.3132905 1676
37.3279739 1676
37.3438767 1676
37.3750186 1676
37.4070468 1676
37.4373474 1676
37.4690596 1676
37.4997512 1676
37.5156216 1676
37.5468869 1676
37.5935049 1676
37.6096988 1676
37.6257838 1676
37.6873881 1676
37.7341302 1676
37.7505374 1676
37.7970352 1675
37.8280089 1675
37.8592378 1675
37.8757744 1675
37.9059993 1675
37.938293 1675
37.9686765 1675
37.9997926 1675
38.0317241 1675
38.0622489 1675
38.077875 1675
38.1094371 1675
38.1407028 1675
38.1724884 1675
38.2029604 1675
38.2350025 1675
38.2653754 1675
38.2966257 1678
38.3124459 1678
38.3286002 1678
38.3434996 1678
38.3748672 1678
38.3908987 1678
38.4222178 1678
38.4373026 1678
38.4685049 1678
38.4841333 1678
38.5157896 1678
38.5471486 1678
38.5627865 1678
38.5780889 1678
38.609144 1678
38.6560075 1678
38.7191287 1678
38.7675944 1678
38.7813293 1678
38.8122821 1680
38.8436547 1680
38.8748671 1680
38.9064044 1680
38.9374022 1680
38.9687406 1680
39.0000458 1680
39.0320562 1680
39.0622486 1680
39.0778749 1680
39.1097464 1680
39.1407204 1680
39.1570259 1680
39.1876515 1680
39.2185244 1680
39.2501053 1680
39.2966298 1672
39.3278759 1672
39.3435018 1672
39.3747497 1672
39.3907228 1672
39.4062663 1672
39.4372787 1672
39.452944 1672
39.4841242 1672
39.5160768 1672
39.5475174 1672
39.5779955 1672
39.5939308 1672
39.6247714 1672
39.6716265 1672
39.7032035 1672
39.7349688 1672
39.7809987 1680
39.7969545 1680
39.8122661 1680
39.8591248 1680
39.8747515 1680
39.9060129 1680
39.9376675 1680
39.9690677 1680
39.9998505 1680
40.0154684 1680
40.06225 1680
40.0934979 1680
40.1248115 1680
40.1407142 1680
40.1716743 1680
40.2034443 1680
40.2185597 1680
40.249751 1677
40.2810006 1677
40.3122506 1677
40.343666 1677
40.3754914 1677
40.3905941 1677
40.4070331 1677
40.4222501 1677
40.4528873 1677
40.4841754 1677
40.516755 1677
40.5467435 1677
40.5781705 1677
40.594078 1677
40.609124 1677
40.6407195 1677
40.7342206 1677
40.750165 1677
40.7810106 1675
40.7971182 1675
40.8748326 1675
40.8903797 1675
40.9217039 1675
40.9535852 1675
40.9842356 1675
41.0156653 1675
41.0466258 1675
41.0935596 1675
41.1407621 1675
41.1726592 1675
41.2029701 1675
41.2185285 1675
41.2500641 1675
41.3279834 1676
41.3444191 1676
41.3757114 1676
41.4064601 1676
41.42174 1676
41.468553 1676
41.4997513 1676
41.531051 1676
41.546901 1676
41.5628657 1676
41.5942556 1676
41.6255032 1676
41.6560213 1676
41.7028785 1676
41.7188022 1676
41.7497503 1676
41.7658798 1683
41.7971595 1683
41.8132999 1683
41.8279355 1683
41.8592476 1683
41.9216704 1683
41.9533367 1683
41.9853611 1683
42.0154824 1683
42.0622512 1683
42.1093738 1683
42.140732 1683
42.1719447 1683
42.2038116 1683
42.2342109 1683
42.2971596 1681
42.3282318 1681
42.3593332 1681
42.3917362 1681
42.4070343 1681
42.4373385 1681
42.4841414 1681
42.5163133 1681
42.5470285 1681
42.5628417 1681
42.5935001 1681
42.6250426 1681
42.6872755 1681
42.7031399 1681
42.7185011 1681
42.749923 1681
42.7810012 1678
42.7976685 1678
42.8132953 1678
42.8279993 1678
42.8907677 1678
42.9219336 1678
42.9378727 1678
42.9693545 1678
42.999749 1678
43.0312999 1678
43.0622515 1678
43.0935289 1678
43.1257627 1678
43.1562862 1678
43.1876367 1678
43.2186016 1678
43.2498593 1678
43.2966237 1678
43.3435412 1675
43.3753729 1675
43.4059992 1675
43.437352 1675
43.4841283 1675
43.5162206 1675
43.547377 1675
43.5626384 1675
43.5780014 1675
43.5939746 1675
43.6093155 1675
43.6408166 1675
43.6872664 1675
43.7185951 1675
43.7507951 1675
43.7812943 1675
43.8125708 1675
43.8436727 1679
43.890389 1679
43.9222075 1679
43.9534732 1679
43.9841841 1679
44.0154891 1679
44.0314947 1679
44.0622514 1679
44.1247521 1679
44.1408691 1679
44.1725553 1679
44.2036319 1679
44.2341275 1679
44.2810001 1679
44.2966255 1679
44.3280014 1679
44.3594644 1673
44.391195 1673
44.4217707 1673
44.4373479 1673
44.4528754 1673
44.5153744 1673
44.5468128 1673
44.5782234 1673
44.5942114 1673
44.6257816 1673
44.6716493 1673
44.7028763 1673
44.7351675 1673
44.7654336 1673
44.7968911 1673
44.8281017 1673
44.8748352 1673
44.9216338 1673
44.9530066 1673
44.9843104 1673
45.0161117 1673
45.0310004 1673
45.0468288 1673
45.1091247 1673
45.1406625 1673
45.1718749 1673
45.2031019 1673
45.2344642 1673
45.2664152 1673
45.3278808 1675
45.3594604 1675
45.3905644 1675
45.4065591 1675
45.4373476 1675
45.4841284 1675
45.5153774 1675
45.5476678 1675
45.5778778 1675
45.5939817 1675
45.6098433 1675
45.6254708 1675
45.6408601 1675
45.6872685 1675
45.7185119 1675
45.7507915 1675
45.7814144 1675
45.796911 1675
45.8126978 1675
45.8434998 1681
45.8903845 1681
45.9222209 1681
45.9531496 1681
45.9841241 1681
46.0162113 1681
46.0310418 1681
46.0935074 1681
46.1403747 1681
46.1560466 1681
46.1873423 1681
46.2034993 1681
46.2351674 1681
46.2810026 1681
46.3279209 1681
46.3443074 1685
46.3747493 1685
46.3906427 1685
46.4218951 1685
46.4999314 1685
46.5310022 1685
46.5629755 1685
46.5939216 1685
46.6256363 1685
46.6561595 1685
46.7028758 1685
46.7346033 1685
46.7661386 1685
46.7968221 1685
46.8282347 1685
46.8594694 1685
46.9528879 1685
46.9851683 1685
47.0155465 1685
47.0312651 1685
47.0467398 1685
47.0629877 1685
47.0778812 1685
47.1403946 1685
47.1560184 1685
47.1873482 1685
47.219542 1685
47.25012 1685
47.266073 1685
47.2809998 1685
47.2966255 1685
47.3435035 1682
47.3753531 1682
47.4062176 1682
47.4219272 1682
47.4529876 1682
47.4997492 1682
47.5466876 1682
47.562544 1682
47.5935001 1682
47.6252085 1682
47.6404671 1682
47.6872582 1682
47.7185009 1682
47.7501738 1682
47.781093 1682
47.8128899 1682
47.8903988 1681
47.9221697 1681
47.9373821 1681
47.9685162 1681
47.9842608 1681
48.0159037 1681
48.031113 1681
48.046835 1681
48.0627737 1681
48.0935175 1681
48.1251445 1681
48.1563132 1681
48.1876243 1681
48.2185701 1681
48.2810009 1681
48.3122768 1678
48.3445454 1678
48.3753308 1678
48.3904807 1678
48.4219724 1678
48.4684999 1678
48.5006916 1678
48.5153732 1678
48.5319423 1678
48.5623961 1678
48.5935854 1678
48.6099104 1678
48.6406637 1678
48.7189169 1678
48.7343273 1678
48.7810009 1678
48.8127647 1678
48.8283068 1679
48.8593221 1679
48.8903763 1679
48.906 1679
48.9373192 1679
48.9688992 1679
48.9850107 1679
49.0153753 1679
49.0310599 1679
49.0779093 1679
49.109415 1679
49.12498 1679
49.1564348 1679
49.187819 1679
49.2186233 1679
49.2819207 1679
49.2966374 1679
49.3435014 1677
49.3747531 1677
49.3909491 1677
49.4223971 1677
49.4851858 1677
49.5153741 1677
49.5469362 1677
49.5783102 1677
49.5935499 1677
49.6249037 1677
49.656436 1677
49.6872625 1677
49.7188964 1677
49.7343346 1677
49.7502401 1677
49.7966389 1677
49.8123349 1677
49.8591273 1678
49.9217856 1678
49.9372537 1678
49.9686872 1678
50.0005576 1678
50.0153736 1678
50.0786645 1678
50.0935004 1678
50.1257807 1678
50.1562206 1678
50.1873167 1678
50.2187946 1678
50.2345147 1678
50.2500098 1678
50.2653784 1678
50.296643 1678
50.3289161 1678
50.359229 1678
50.3910641 1678
50.4216257 1678
50.4685028 1678
50.4999496 1678
50.5153766 1678
50.5320935 1678
50.5475814 1678
50.5935268 1678
50.6095913 1678
50.6248241 1678
50.6406529 1678
50.6716254 1678
50.7028739 1678
50.7185769 1678
50.7343565 1678
50.7506893 1678
50.7966267 1678
50.8282226 1682
50.8747616 1682
50.9066153 1682
50.9374084 1682
50.9537185 1682
50.9695406 1682
50.9998977 1682
51.0311036 1682
51.0945472 1682
51.1091276 1682
51.1247505 1682
51.1562041 1682
51.1881452 1682
51.2189084 1682
51.2497499 1682
51.3123043 1681
51.3436341 1681
51.3753097 1681
51.406169 1681
51.4218924 1681
51.4685034 1681
51.4841262 1681
51.5153749 1681
51.5468153 1681
51.5623699 1681
51.5935872 1681
51.6257877 1681
51.6560055 1681
51.6872515 1681
51.7189068 1681
51.7347248 1681
51.7505503 1681
51.765383 1681
51.7815761 1681
51.8278787 1692
51.8906452 1692
51.9060018 1692
51.922141 1692
51.937908 1692
51.9685593 1692
51.9845381 1692
52.0153771 1692
52.0316395 1692
52.0622513 1692
52.0935017 1692
52.125108 1692
52.1561708 1692
52.1873118 1692
52.2189177 1692
52.2347494 1692
52.2809993 1692
52.3126281 1685
52.343914 1685
52.3748242 1685
52.4063422 1685
52.4373945 1685
52.4685018 1685
52.4841272 1685
52.5154361 1685
52.5310007 1685
52.5627506 1685
52.5789196 1685
52.6092196 1685
52.6409529 1685
52.6716273 1685
52.7029433 1685
52.7345027 1685
52.7665487 1685
52.7969821 1685
52.8435017 1685
52.8904304 1685
52.9216274 1685
52.9539219 1685
52.9685001 1685
52.9999385 1685
53.0317941 1685
53.046891 1685
53.0779424 1685
53.1091372 1685
53.1409553 1685
53.1570609 1685
53.1873539 1685
53.2189267 1685
53.2497512 1685
53.2966361 1681
53.3279896 1681
53.3445419 1681
53.3596442 1681
53.3904073 1681
53.4221302 1681
53.4685012 1681
53.4997497 1681
53.531005 1681
53.5472052 1681
53.578929 1681
53.6092773 1681
53.6406715 1681
53.6716256 1681
53.7030091 1681
53.7185142 1681
53.734481 1681
53.7660004 1681
53.7969008 1679
53.8281478 1679
53.8595136 1679
53.8903759 1679
53.9220691 1679
53.9374986 1679
53.969206 1679
54.000026 1679
54.0785874 1679
54.0935027 1679
54.125516 1679
54.1561487 1679
54.187818 1679
54.2037344 1679
54.2189255 1679
54.2653775 1679
54.2966312 1679
54.3286716 1679
54.359657 1679
54.3905479 1679
54.422649 1679
54.4841396 1679
54.5001428 1679
54.5153955 1679
54.5476635 1679
54.5779557 1679
54.6098029 1679
54.6872501 1679
54.7185055 1679
54.7349001 1679
54.7664789 1679
54.7820357 1679
54.8122478 1679
54.8591358 1679
54.8904573 1679
54.9216835 1681
54.9532443 1681
54.969379 1681
55.0005628 1681
55.015452 1681
55.0314124 1681
55.1091298 1681
55.1406291 1681
55.1723732 1681
55.2028759 1681
55.2342803 1681
55.2499022 1681
55.2966471 1680
55.3278816 1680
55.3436583 1680
55.3749823 1680
55.4061631 1680
55.4226898 1680
55.4997505 1680
55.5320401 1680
55.5623682 1680
55.5935396 1680
55.6254842 1680
55.6716239 1680
55.7033701 1680
55.7346171 1680
55.7655629 1680
55.7966712 1677
55.8282529 1677
55.890373 1677
55.9216294 1677
55.9373536 1677
55.9532039 1677
55.968791 1677
55.9841234 1677
56.0006006 1677
56.0317729 1677
56.1091897 1677
56.1247577 1677
56.1561466 1677
56.1880881 1677
56.2039188 1677
56.2188649 1677
56.2342075 1677
56.2499586 1677
56.3279073 1679
56.3435346 1679
56.3748139 1679
56.4070666 1679
56.4685153 1679
56.4997508 1679
56.5164261 1679
56.5468719 1679
56.578409 1679
56.609499 1679
56.656001 1679
56.7028764 1679
56.7343992 1679
56.7500251 1679
56.7659899 1679
56.7811029 1680
56.8122577 1680
56.8445816 1680
56.9060397 1680
56.9221709 1680
56.9372661 1680
56.9692105 1680
56.9848844 1680
57.0154247 1680
57.0320398 1680
57.0622516 1680
57.1091248 1680
57.1404779 1680
57.1718812 1680
57.1877812 1680
57.2185605 1680
57.2653749 1680
57.3122526 1679
57.3435508 1679
57.3749214 1679
57.4067626 1679
57.4373711 1679
57.4537037 1679
57.4997544 1679
57.5311866 1679
57.547693 1679
57.5779628 1679
57.593895 1679
57.6248531 1679
57.6561395 1679
57.7342251 1679
57.7497526 1679
57.781094 1678
57.8124706 1678
57.8591374 1678
57.9216266 1678
57.9375479 1678
57.9535171 1678
57.9694227 1678
57.9851398 1678
58.0007891 1678
58.0312546 1678
58.0466291 1678
58.1091268 1678
58.1407108 1678
58.156157 1678
58.1872494 1678
58.2190848 1678
58.2499295 1678
58.2810173 1677
58.3127832 1677
58.3437703 1677
58.3751691 1677
58.4061593 1677
58.4226101 1677
58.4374493 1677
58.4530128 1677
58.4997662 1677
58.5310223 1677
58.5622783 1677
58.5782861 1677
58.6094314 1677
58.6409476 1677
58.671742 1677
58.7029068 1677
58.7351581 1677
58.7656555 1677
58.7969665 1677
58.8279533 1677
58.8591286 1677
58.8903773 1677
58.9216718 1677
58.9375725 1677
58.9539192 1677
58.985188 1677
59.0155974 1677
59.0310022 1677
59.0778812 1677
59.1093458 1677
59.1411031 1677
59.1716247 1677
59.2032695 1677
59.2190704 1677
59.235168 1677
59.2664176 1677
59.2966372 1677
59.3279234 1677
59.3593193 1677
59.3907892 1677
59.4218441 1677
59.4374512 1677
59.4528743 1677
59.5153931 1677
59.5474575 1677
59.5783405 1677
59.6091974 1677
59.6409156 1677
59.6872621 1677
59.7028754 1677
59.7345416 1677
59.7654343 1677
59.7970449 1677
59.812473 1677
59.8282106 1677
59.8905777 1677
59.9375713 1675
59.9685016 1675
60.000049 1675
60.0313683 1675
60.0624876 1675
60.0935158 1675
60.1250362 1675
60.1562814 1675
60.1874729 1675
60.2034063 1675
60.2341253 1675
60.2810217 1675
60.3129029 1675
60.3436692 1675
60.3748069 1681
60.4067367 1681
60.4226409 1681
60.4384646 1681
60.4842087 1681
60.515376 1681
60.546623 1681
60.5627916 1681
60.5941521 1681
60.6252618 1681
60.749848 1681
60.7655354 1681
60.7971675 1681
60.8282863 1681
60.8747546 1680
60.9062994 1680
60.9375837 1680
60.9693602 1680
61.000244 1680
61.0312852 1680
61.0622829 1680
61.0936877 1680
61.1248946 1680
61.1562964 1680
61.1883022 1680
61.2034704 1680
61.2497644 1680
61.2657258 1680
61.3122546 1680
61.3591276 1685
61.3906567 1685
61.4069077 1685
61.4226691 1685
61.4374243 1685
61.4529221 1685
61.499752 1685
61.5153774 1685
61.5623056 1685
61.5940659 1685
61.6257994 1685
61.6560238 1685
61.7499596 1685
61.781173 1685
61.8125324 1685
61.8591252 1685
61.8904522 1683
61.9063906 1683
61.9216253 1683
61.9530925 1683
61.9843708 1683
62.0154746 1683
62.0466247 1683
62.0935039 1683
62.1091252 1683
62.1408346 1683
62.2028768 1683
62.2345975 1683
62.2809991 1683
62.3122683 1683
62.3437315 1683
62.3903797 1679
62.4226349 1679
62.4372489 1679
62.4997513 1679
62.5153763 1679
62.5310038 1679
62.5626376 1679
62.5938774 1679
62.6249354 1679
62.6563117 1679
62.7030245 1679
62.7359793 1679
62.781111 1679
62.7970768 1679
62.8124365 1679
62.8436624 1680
62.9536585 1680
62.9851405 1680
63.0164125 1680
63.0466834 1680
63.0788611 1680
63.1091554 1680
63.1405369 1680
63.1560016 1680
63.1874533 1680
63.2039115 1680
63.2342128 1680
63.2657325 1680
63.2966327 1680
63.3279633 1680
63.3592445 1677
63.3911264 1677
63.4218218 1677
63.4533404 1677
63.4692297 1677
63.5153749 1677
63.5312794 1677
63.5472837 1677
63.5779242 1677
63.6101625 1677
63.6407775 1677
63.6563218 1677
63.687303 1677
63.7028874 1677
63.7653808 1677
63.7811137 1677
63.8123275 1677
63.8904954 1680
63.9060154 1680
63.9216274 1680
63.9375213 1680
63.9693171 1680
64.0003311 1680
64.0310591 1680
64.0466468 1680
64.0786742 1680
64.1563285 1680
64.1717783 1680
64.203206 1680
64.2186608 1680
64.2498137 1680
64.2966939 1680
64.3280884 1680
64.3594611 1677
64.3749622 1677
64.4060019 1677
64.4226666 1677
64.4528753 1677
64.5156263 1677
64.5310595 1677
64.5476591 1677
64.5780081 1677
64.609393 1677
64.6257062 1677
64.6409316 1677
64.6872936 1677
64.734132 1677
64.7508168 1677
64.7812812 1677
64.8124394 1677
64.82828 1677
64.8591454 1677
64.8747518 1677
64.9060007 1677
64.9376144 1677
64.9687134 1677
64.9851663 1677
65.0154388 1677
65.0783822 1677
65.1091253 1677
65.1405353 1677
65.1563314 1677
65.1873723 1677
65.218773 1677
65.2653869 1677
65.2968075 1677
65.3285828 1677
65.3595317 1682
65.3909709 1682
65.4068711 1682
65.4372499 1682
65.4997507 1682
65.5318893 1682
65.5626004 1682
65.5940194 1682
65.6252915 1682
65.640963 1682
65.6872504 1682
65.7191937 1682
65.7507936 1682
65.7812339 1682
65.8123323 1682
65.8437807 1676
65.8904684 1676
65.9222548 1676
65.9539348 1676
65.9841475 1676
65.9997507 1676
66.0312635 1676
66.1092038 1676
66.1250691 1676
66.1412131 1676
66.1719891 1676
66.2032534 1676
66.2192228 1676
66.2497543 1676
66.2966277 1676
66.3125176 1676
66.343939 1677
66.3747931 1677
66.4065981 1677
66.4224701 1677
66.484196 1677
66.4997512 1677
66.5313456 1677
