0.9200133 0 0 0 -0.0818650593438054 -1.14656763432902 -0.033564471780211 40.4947118104631 5.22379761399674 0.0767482083138015
10.9600113 0 0 -1.56888322122073 0.0372520006444365 -1.21728183894728 -0.192358482698367 42.194821838266 5.28736307816675 -0.194462478439302
26.644006 -0.00500856159608083 -1.299402117681 -1.57496416393863 0.810156727825 -1.24866902660971 -1.1927776442698 4.21888279044745 1.24334102418101 1.54747928318057
40.3689997 -0.00965741896435273 -2.51786764999254 -1.57496416393863 0.0448162729261149 -2.67019889585898 -1.62750747209794 0.0570191158206236 0.0213044818525815 0.0321687860929269
64.9470017 -0.0116379369407983 -3.73486340432021 -1.56888322122073 0.0140327243782055 -3.83326924969031 -1.57117007933595 0.00882015790844185 0.000945925807554507 -0.000119911932347056
74.9699966 -0.0116395959585627 -3.73633499152279 -0.00608094271790969 0.019059512353579 -3.82073545227676 0.00599219341406292 0.00659467033334529 0.000876277128750658 -0.000250301688666395
90.4911407 1.1201581688759 -3.82565882868666 -0.0060809427179096 1.14479586263156 -3.87174161251389 0.0058499383473527 0.00590375905024149 0.00148234690474911 0.000341216592796192
106.8201066 2.33863004520393 -3.82707270923369 -0.0060809427179096 2.35699221886495 -3.84784486078866 0.0100892239338239 0.00507089988476133 0.00223279923094237 9.23990612289201E-06
118.770088 2.33989023312183 -3.82712205218235 3.13776644244146 2.36301325483801 -3.84331319531263 2.05957358356516 0.0038059464712277 0.00141417757648915 -6.98875404212137E-05
135.288015 1.32013540906254 -3.83349715901168 -3.13933792202022 1.34154967365131 -3.85339766487303 -0.478947517295684 0.00401840501678972 0.0018436262163252 -7.56160433524054E-05
148.7470125 0.0987208090172998 -3.83489988356714 -3.13933792202022 0.106185277211197 -3.88420502090607 -2.76873970771357 0.00309275376385897 0.00122251268306868 -7.00482547411263E-05
158.1220057 0.0989708191216193 -3.83470818516649 1.57496416393864 0.112170769667098 -3.87528381329473 1.58799777305459 0.00212915768347602 0.00112459346255472 -6.02560626576662E-05
172.216016 0.00957385814119475 -2.7147582631613 1.57496416393864 0.0217243005349776 -2.7383441684294 1.56936011204251 0.00194673061920691 0.00123269647585213 9.54665242896809E-05
191.1560223 0.00734112831190644 -1.49628924516259 1.57496416393864 0.0121777536063861 -1.51572477602528 1.59014558098722 0.00285561425809195 0.00187265362174053 0.000110316823149154
