1.9131341 0 0 0 -0.0738653275652068 -1.06866197907699 0.0552800893253844 37.7190508896632 5.36201433354461 0.173482174244113
11.4001415 0 0 -1.56888322122073 -0.216584315744997 -0.569045748628196 0.233404455197178 17.4976573813851 4.12042370900788 0.312902232191527
31.642999 -0.00500690257831648 -1.29793053047843 -1.56888322122073 0.0385438251562599 -1.60612433790002 -1.46733838642935 0.0874649655400685 0.344492668036185 -0.156121763467951
47.8960757 -0.00713058984414439 -2.51492802791898 -1.57496416393863 0.0188507236658339 -2.64111457386175 -1.5281302929858 0.00210200613967088 0.00100384110901503 0.000108321814859757
66.7159965 -0.0114606305764392 -3.73633451314003 -1.57496416393863 0.0440009497106884 -3.82557198409811 -1.54248073252716 0.00341253535051522 0.00112291171306001 -4.9794839070241E-05
74.8462514 -0.0116779623888479 -3.73657559133597 -0.00608094271790888 0.0381680247647141 -3.81363623075602 0.0075163218780228 0.00229873536462572 0.00112317871350877 -0.000284733184392318
89.9260462 1.1201572170475 -3.82538125056996 -0.00608094271790874 1.1625476524868 -3.86557793447869 0.012363359100729 0.00223195058197797 0.00120546735747383 0.000202643369635729
107.4660003 2.3386310795604 -3.82611503817931 -0.00608094271790874 2.368032673247 -3.8385484186287 0.0213785412145379 0.00249911534760326 0.00195232977991328 -9.47624702208476E-05
115.833278 2.33988931727441 -3.82616935273042 3.13776644244146 2.3710135592707 -3.83680030665299 1.38382241132739 0.00262729352339762 0.0011662566118987 -0.00054562127666122
129.1042274 1.31867891696865 -3.83356326503116 3.13776644244146 1.3424492737597 -3.85676342764243 -1.25652998656104 0.00309827215823894 0.00154048865518499 -0.000342616949293864
141.2721027 0.100207084169441 -3.83496830191914 3.13776644244146 0.0955857926073948 -3.86537741333931 -2.22459899901545 0.00168674173647117 0.00128844690406174 -0.000150623277343248
149.7191479 0.0988929024476765 -3.83482233168742 1.57496416393864 0.0989514550797479 -3.85688806537026 1.57183082120336 0.00117414922530519 0.00114429419263704 -0.000192252353316131
164.481151 0.00932967566126802 -2.71484625793047 1.57496416393864 0.0102875741441231 -2.71722163549565 1.55793341225237 0.00140083741094726 0.00191719690095126 7.5219097246358E-05
180.0291869 0.00847503388111735 -1.49637568632177 1.57496416393864 0.00737833119712473 -1.48010997933313 1.58594984323502 0.00240992661494233 0.00234822069692699 -2.76252247061805E-05
