0.9611401 0 0 0 0.0540810237361962 -0.808172582029129 0.142628695442706 33.0754420942354 4.34295229221595 0.714034630683715
9.2842092 0 0 -1.56888322122073 0.892221002886528 -0.488657252707582 -0.645459037401856 32.9550186048769 5.21958668575202 -3.93873061633823
26.3282236 -0.00500690257831648 -1.29793053047843 -1.56888322122073 2.18198919832016 1.179033517118 -2.30188205647143 0.00106919811507919 0.00067814104808578 -6.3387310742046E-06
79.1652092 -0.00713224886190874 -2.51639961512156 -1.56888322122073 1.24289529243627 0.362935309885169 -2.44869479705284 0.00359636829703256 0.00228191548239232 -0.00198490653899899
98.3951913 -0.00919661381273202 -3.73634037118991 -1.57496416393863 0.266319927496038 -0.353141847534762 -2.51062447880732 0.0139622664603039 0.0144428421456571 -0.0127433543812551
111.4711658 -0.00787855475161191 -3.73649258697239 9.17668718791731E-16 0.177616094245794 -0.271029357291367 -1.12816720431407 0.0101988947791039 0.011333919063433 -0.00948333139374856
124.3262225 1.12097786458102 -3.82561159608383 1.00787433954252E-15 0.385367072108517 -1.32077075396554 -1.25007086668358 0.00184089736420806 0.00171936554706919 0.000345835436063725
138.5151532 2.33945066598137 -3.82672122463819 1.00787433954252E-15 0.653705522153702 -2.46349015351214 -1.2923365728212 0.00269068071063937 0.00269543991962485 0.000398185512335847
149.6729906 2.33994180407211 -3.82672957002834 -3.13933792202022 0.654643437602416 -2.45147829842875 1.93901352198911 0.00129072169906679 0.000973301087315081 -9.4446102469715E-05
162.5741068 1.31871322082659 -3.83370309268885 -3.13933792202022 0.268350954604606 -1.51254498924726 2.00457478579216 0.00203490990553851 0.00260099135960083 0.00114780630595754
174.9451273 0.098770051789111 -3.83511592195586 3.13776644244146 -0.187278784910892 -0.402206585279722 1.99629430552957 0.00616035873504806 0.00170813931866937 0.00142044207993281
191.1441338 0.0993932249169022 -3.83595569553484 1.57496416393864 -0.205611911313736 -0.395230556884129 0.43494203353142 0.00458162766362993 0.00260074409924094 0.00207980534553483
203.9431518 0.00932543427467983 -2.71448550124623 1.56888322122073 0.725411715920244 0.122275472514225 0.378570417165566 0.0115153198832488 0.00227770225129435 -0.00107911440045273
219.6553016 0.00845289524713685 -1.49601494981429 1.56888322122073 1.93892751345749 0.457759275727228 0.295314743661988 0.0342959336312871 0.105217017275124 -0.0590421259677393
